#sv
chr2	63328429	+	chr11	76139879	-	.	0	0	10273828_1	99.0	.	BX=AAGTCACAGAATTCCC-1_1,GAGGTGACACCGCTAG-1_1,AGTCGATTCTGCTAGA-1_1,ACTACAGCATCCCTTG-1_1,GTCATTTGTGTGTTCA-1_1,CATCAAGTCGCAAGCC-1_1,GACACATGTGAGGGTT-1_1,TTAGTTCTCTGAAGCT-1_1,GCCAAATAGCCCGAAA-1_1,CTGGCGATCAATCGAC-1_1,CCTAACCTCCTATGAG-1_1,ATATTCCCAGTGAATA-1_1,GACCAATAGGTGCTTT-1_2,TGGCATAAGATTCACC-1_2,CTCTTAACAGGTCCCA-1_3,TTGAGCACATTCGTTT-1_1,CGTTAGAAGCAATTGA-1_1,TTGACTTTCCGTAGGC-1_1,CGGAACCTCATAAGCC-1_1,TCCGGAGCATCCTTGC-1_1,GCTATAGTCCGTTAAG-1_1,TACCCACCAATAAGCA-1_1,ACTCAGAAGTGGACGT-1_1,AGCTGGCAGCAGTAGC-1_1,CGTGAGCTCACTACAG-1_1,CAAAGCTCACTTACGA-1_1,GTCACCTCATTCCTCG-1_1,TATTACCTCCAGAAGG-1_1,AGCGGTCCATGTAGAA-1_1,TTTGTGTAGGAATCAT-1_1,TACAAGCAGGTAACGC-1_3,CCAGTGGAGAGTAAGG-1_1,ATTTCTGTCCAACCGG-1_1,GCCGGATAGATTGAGT-1_2,ACTAAGCGTTTGACAC-1_1,GTCGTGGTCGCTTGAA-1_1,CTCTTAAAGCCCGTTG-1_1,GTTAAGCCAGACAGGT-1_2,ACATGTGGTTGAGGTG-1_1,CTATGAGAGGTATCAA-1_1,GTTGCCTTCCACTCGT-1_1,TCGGGCAAGAAGTGCC-1_2,AGGGCAATCCTCTACG-1_1,CCGGGATCACGCTTTC-1_1,CTCGAAACAGACACGA-1_1,AGCAATCAGAGGGTTC-1_1,GGGTCTGCAGATCACT-1_1,ACGCTCTAGTTCTGTG-1_3,CAGGTATTCCGACGTG-1_1,CACATTTGTGAGCACA-1_1,ATCACCCTCTCCACTG-1_1,CGGTGTGTCTGTGCAA-1_1;DISC_MAPQ=57;EVDNC=DSCRD;IMPRECISE;MAPQ=57;MATEID=10273828_2;MATENM=-1;NM=-1;NUMPARTS=0;SCTG=2:63328429(+)-11:76139879(+)__11_76121501_76146501D;SPAN=-1;SVTYPE=BND;TOOL=svaba;GENOTYPE=OC001B.bam(GT:0/0 AD:0 DP:31 GQ:8.4 PL:[0.0, 8.4, 92.4] SR:0 DR:0 LR:8.71 LO:0.0),OC001T.bam(GT:0/1 AD:64 DP:81 GQ:13.7 PL:[188.6, 0.0, 13.7] SR:0 DR:64 LR:-197.2 LO:197.2);ALT=t]chr11:76139879];VARTYPE=BND:TRX-hh;JOINTYPE=hh
#heatmap	linkage_type=pair_end
v=chr2:63327429-63329429	h=chr2:63327429-63329429	resolution=80	axis=left-top
234.0,176.0,104.0,67.0,65.0,56.0,24.0,5.0,3.0,2.0,1.0,0.0,0.0,0.0,0.0,0.0,0.0,0.0,0.0,0.0,0.0,0.0,0.0,0.0,0.0
176.0,270.0,191.0,113.0,70.0,74.0,50.0,17.0,11.0,8.0,4.0,1.0,0.0,0.0,0.0,0.0,0.0,0.0,0.0,0.0,0.0,0.0,0.0,0.0,0.0
104.0,191.0,268.0,177.0,106.0,89.0,85.0,44.0,21.0,11.0,3.0,1.0,0.0,0.0,0.0,0.0,0.0,0.0,0.0,0.0,0.0,0.0,0.0,0.0,0.0
67.0,113.0,177.0,243.0,159.0,113.0,82.0,62.0,36.0,20.0,5.0,2.0,0.0,0.0,0.0,0.0,0.0,0.0,0.0,0.0,0.0,0.0,0.0,0.0,0.0
65.0,70.0,106.0,159.0,238.0,175.0,122.0,79.0,55.0,32.0,11.0,5.0,1.0,1.0,1.0,0.0,0.0,0.0,0.0,0.0,0.0,0.0,0.0,0.0,0.0
56.0,74.0,89.0,113.0,175.0,261.0,187.0,111.0,78.0,66.0,37.0,17.0,4.0,3.0,2.0,0.0,0.0,0.0,0.0,0.0,0.0,0.0,0.0,0.0,0.0
24.0,50.0,85.0,82.0,122.0,187.0,258.0,169.0,105.0,70.0,53.0,42.0,6.0,3.0,2.0,0.0,0.0,0.0,0.0,0.0,0.0,0.0,0.0,0.0,0.0
5.0,17.0,44.0,62.0,79.0,111.0,169.0,224.0,150.0,100.0,51.0,54.0,10.0,6.0,3.0,0.0,0.0,0.0,0.0,0.0,0.0,0.0,0.0,0.0,0.0
3.0,11.0,21.0,36.0,55.0,78.0,105.0,150.0,214.0,154.0,85.0,58.0,23.0,19.0,13.0,5.0,1.0,1.0,0.0,0.0,0.0,0.0,0.0,0.0,0.0
2.0,8.0,11.0,20.0,32.0,66.0,70.0,100.0,154.0,238.0,162.0,115.0,34.0,41.0,28.0,14.0,6.0,4.0,2.0,2.0,0.0,0.0,0.0,0.0,0.0
1.0,4.0,3.0,5.0,11.0,37.0,53.0,51.0,85.0,162.0,251.0,198.0,54.0,55.0,45.0,23.0,9.0,5.0,4.0,3.0,0.0,0.0,0.0,0.0,0.0
0.0,1.0,1.0,2.0,5.0,17.0,42.0,54.0,58.0,115.0,198.0,252.0,85.0,70.0,49.0,35.0,22.0,9.0,6.0,4.0,1.0,1.0,0.0,0.0,0.0
0.0,0.0,0.0,0.0,1.0,4.0,6.0,10.0,23.0,34.0,54.0,85.0,115.0,90.0,64.0,40.0,31.0,15.0,8.0,5.0,3.0,1.0,0.0,0.0,0.0
0.0,0.0,0.0,0.0,1.0,3.0,3.0,6.0,19.0,41.0,55.0,70.0,90.0,123.0,92.0,48.0,33.0,20.0,7.0,5.0,4.0,3.0,1.0,0.0,0.0
0.0,0.0,0.0,0.0,1.0,2.0,2.0,3.0,13.0,28.0,45.0,49.0,64.0,92.0,123.0,74.0,46.0,28.0,25.0,21.0,9.0,4.0,1.0,0.0,0.0
0.0,0.0,0.0,0.0,0.0,0.0,0.0,0.0,5.0,14.0,23.0,35.0,40.0,48.0,74.0,116.0,84.0,55.0,40.0,40.0,22.0,5.0,2.0,1.0,0.0
0.0,0.0,0.0,0.0,0.0,0.0,0.0,0.0,1.0,6.0,9.0,22.0,31.0,33.0,46.0,84.0,116.0,86.0,59.0,52.0,39.0,13.0,4.0,3.0,1.0
0.0,0.0,0.0,0.0,0.0,0.0,0.0,0.0,1.0,4.0,5.0,9.0,15.0,20.0,28.0,55.0,86.0,113.0,80.0,69.0,47.0,24.0,9.0,9.0,4.0
0.0,0.0,0.0,0.0,0.0,0.0,0.0,0.0,0.0,2.0,4.0,6.0,8.0,7.0,25.0,40.0,59.0,80.0,108.0,91.0,51.0,27.0,17.0,15.0,8.0
0.0,0.0,0.0,0.0,0.0,0.0,0.0,0.0,0.0,2.0,3.0,4.0,5.0,5.0,21.0,40.0,52.0,69.0,91.0,127.0,85.0,51.0,27.0,27.0,16.0
0.0,0.0,0.0,0.0,0.0,0.0,0.0,0.0,0.0,0.0,0.0,1.0,3.0,4.0,9.0,22.0,39.0,47.0,51.0,85.0,100.0,58.0,27.0,18.0,19.0
0.0,0.0,0.0,0.0,0.0,0.0,0.0,0.0,0.0,0.0,0.0,1.0,1.0,3.0,4.0,5.0,13.0,24.0,27.0,51.0,58.0,97.0,63.0,48.0,32.0
0.0,0.0,0.0,0.0,0.0,0.0,0.0,0.0,0.0,0.0,0.0,0.0,0.0,1.0,1.0,2.0,4.0,9.0,17.0,27.0,27.0,63.0,86.0,67.0,44.0
0.0,0.0,0.0,0.0,0.0,0.0,0.0,0.0,0.0,0.0,0.0,0.0,0.0,0.0,0.0,1.0,3.0,9.0,15.0,27.0,18.0,48.0,67.0,90.0,59.0
0.0,0.0,0.0,0.0,0.0,0.0,0.0,0.0,0.0,0.0,0.0,0.0,0.0,0.0,0.0,0.0,1.0,4.0,8.0,16.0,19.0,32.0,44.0,59.0,84.0
v=chr2:63327429-63329429	h=chr11:76138879-76140879	resolution=80	axis=right-top
0.0,0.0,0.0,0.0,0.0,0.0,0.0,0.0,0.0,0.0,0.0,0.0,0.0,0.0,0.0,0.0,0.0,0.0,0.0,0.0,0.0,0.0,0.0,0.0,0.0
0.0,0.0,0.0,0.0,0.0,0.0,0.0,0.0,0.0,0.0,0.0,0.0,0.0,0.0,0.0,0.0,0.0,0.0,0.0,0.0,0.0,0.0,0.0,0.0,0.0
0.0,0.0,0.0,0.0,0.0,0.0,0.0,0.0,0.0,0.0,0.0,0.0,0.0,0.0,0.0,0.0,0.0,0.0,0.0,0.0,0.0,0.0,0.0,0.0,0.0
0.0,0.0,0.0,0.0,0.0,0.0,0.0,0.0,0.0,0.0,0.0,0.0,0.0,0.0,0.0,0.0,0.0,0.0,0.0,0.0,0.0,0.0,0.0,0.0,0.0
0.0,0.0,0.0,0.0,0.0,0.0,0.0,0.0,0.0,0.0,0.0,1.0,0.0,0.0,0.0,0.0,0.0,0.0,0.0,0.0,0.0,0.0,0.0,0.0,0.0
0.0,0.0,0.0,0.0,0.0,0.0,0.0,0.0,1.0,1.0,3.0,4.0,0.0,0.0,0.0,0.0,0.0,0.0,0.0,0.0,0.0,0.0,0.0,0.0,0.0
0.0,0.0,0.0,0.0,0.0,1.0,1.0,1.0,2.0,4.0,13.0,15.0,0.0,0.0,0.0,0.0,0.0,0.0,0.0,0.0,0.0,0.0,0.0,0.0,0.0
0.0,0.0,0.0,0.0,0.0,1.0,1.0,1.0,5.0,8.0,23.0,25.0,0.0,0.0,0.0,0.0,0.0,0.0,0.0,0.0,0.0,0.0,0.0,0.0,0.0
0.0,0.0,0.0,0.0,0.0,1.0,1.0,1.0,7.0,14.0,29.0,29.0,0.0,0.0,0.0,0.0,0.0,0.0,0.0,0.0,0.0,0.0,0.0,0.0,0.0
0.0,0.0,0.0,0.0,0.0,1.0,4.0,10.0,17.0,23.0,33.0,28.0,0.0,0.0,0.0,0.0,0.0,0.0,0.0,0.0,0.0,0.0,0.0,0.0,0.0
0.0,0.0,0.0,0.0,2.0,5.0,11.0,23.0,44.0,46.0,55.0,59.0,0.0,0.0,0.0,0.0,0.0,0.0,0.0,0.0,0.0,0.0,0.0,0.0,0.0
0.0,0.0,0.0,0.0,3.0,8.0,13.0,24.0,44.0,44.0,65.0,71.0,0.0,0.0,0.0,0.0,0.0,0.0,0.0,0.0,0.0,0.0,0.0,0.0,0.0
0.0,0.0,0.0,0.0,0.0,0.0,0.0,0.0,0.0,0.0,0.0,0.0,0.0,0.0,0.0,0.0,0.0,0.0,0.0,0.0,0.0,0.0,0.0,0.0,0.0
0.0,0.0,0.0,0.0,0.0,0.0,0.0,0.0,0.0,0.0,0.0,0.0,0.0,0.0,0.0,0.0,0.0,0.0,0.0,0.0,0.0,0.0,0.0,0.0,0.0
0.0,0.0,0.0,0.0,0.0,0.0,0.0,0.0,0.0,0.0,0.0,0.0,0.0,0.0,0.0,0.0,0.0,0.0,0.0,0.0,0.0,0.0,0.0,0.0,0.0
0.0,0.0,0.0,0.0,0.0,0.0,0.0,0.0,0.0,0.0,0.0,0.0,0.0,0.0,0.0,0.0,0.0,0.0,0.0,0.0,0.0,0.0,0.0,0.0,0.0
0.0,0.0,0.0,0.0,0.0,0.0,0.0,0.0,0.0,0.0,0.0,0.0,0.0,0.0,0.0,0.0,0.0,0.0,0.0,0.0,0.0,0.0,0.0,0.0,0.0
0.0,0.0,0.0,0.0,0.0,0.0,0.0,0.0,0.0,0.0,0.0,0.0,0.0,0.0,0.0,0.0,0.0,0.0,0.0,0.0,0.0,0.0,0.0,0.0,0.0
0.0,0.0,0.0,0.0,0.0,0.0,0.0,0.0,0.0,0.0,0.0,0.0,0.0,0.0,0.0,0.0,0.0,0.0,0.0,0.0,0.0,0.0,0.0,0.0,0.0
0.0,0.0,0.0,0.0,0.0,0.0,0.0,0.0,0.0,0.0,0.0,0.0,0.0,0.0,0.0,0.0,0.0,0.0,0.0,0.0,0.0,0.0,0.0,0.0,0.0
0.0,0.0,0.0,0.0,0.0,0.0,0.0,0.0,0.0,0.0,0.0,0.0,0.0,0.0,0.0,0.0,0.0,0.0,0.0,0.0,0.0,0.0,0.0,0.0,0.0
0.0,0.0,0.0,0.0,0.0,0.0,0.0,0.0,0.0,0.0,0.0,0.0,0.0,0.0,0.0,0.0,0.0,0.0,0.0,0.0,0.0,0.0,0.0,0.0,0.0
0.0,0.0,0.0,0.0,0.0,0.0,0.0,0.0,0.0,0.0,0.0,0.0,0.0,0.0,0.0,0.0,0.0,0.0,0.0,0.0,0.0,0.0,0.0,0.0,0.0
0.0,0.0,0.0,0.0,0.0,0.0,0.0,0.0,0.0,0.0,0.0,0.0,0.0,0.0,0.0,0.0,0.0,0.0,0.0,0.0,0.0,0.0,0.0,0.0,0.0
0.0,0.0,0.0,0.0,0.0,0.0,0.0,0.0,0.0,0.0,0.0,0.0,0.0,0.0,0.0,0.0,0.0,0.0,0.0,0.0,0.0,0.0,0.0,0.0,0.0
v=chr11:76138879-76140879	h=chr2:63327429-63329429	resolution=80	axis=left-bottom
0.0,0.0,0.0,0.0,0.0,0.0,0.0,0.0,0.0,0.0,0.0,0.0,0.0,0.0,0.0,0.0,0.0,0.0,0.0,0.0,0.0,0.0,0.0,0.0,0.0
0.0,0.0,0.0,0.0,0.0,0.0,0.0,0.0,0.0,0.0,0.0,0.0,0.0,0.0,0.0,0.0,0.0,0.0,0.0,0.0,0.0,0.0,0.0,0.0,0.0
0.0,0.0,0.0,0.0,0.0,0.0,0.0,0.0,0.0,0.0,0.0,0.0,0.0,0.0,0.0,0.0,0.0,0.0,0.0,0.0,0.0,0.0,0.0,0.0,0.0
0.0,0.0,0.0,0.0,0.0,0.0,0.0,0.0,0.0,0.0,0.0,0.0,0.0,0.0,0.0,0.0,0.0,0.0,0.0,0.0,0.0,0.0,0.0,0.0,0.0
0.0,0.0,0.0,0.0,0.0,0.0,0.0,0.0,0.0,0.0,2.0,3.0,0.0,0.0,0.0,0.0,0.0,0.0,0.0,0.0,0.0,0.0,0.0,0.0,0.0
0.0,0.0,0.0,0.0,0.0,0.0,1.0,1.0,1.0,1.0,5.0,8.0,0.0,0.0,0.0,0.0,0.0,0.0,0.0,0.0,0.0,0.0,0.0,0.0,0.0
0.0,0.0,0.0,0.0,0.0,0.0,1.0,1.0,1.0,4.0,11.0,13.0,0.0,0.0,0.0,0.0,0.0,0.0,0.0,0.0,0.0,0.0,0.0,0.0,0.0
0.0,0.0,0.0,0.0,0.0,0.0,1.0,1.0,1.0,10.0,23.0,24.0,0.0,0.0,0.0,0.0,0.0,0.0,0.0,0.0,0.0,0.0,0.0,0.0,0.0
0.0,0.0,0.0,0.0,0.0,1.0,2.0,5.0,7.0,17.0,44.0,44.0,0.0,0.0,0.0,0.0,0.0,0.0,0.0,0.0,0.0,0.0,0.0,0.0,0.0
0.0,0.0,0.0,0.0,0.0,1.0,4.0,8.0,14.0,23.0,46.0,44.0,0.0,0.0,0.0,0.0,0.0,0.0,0.0,0.0,0.0,0.0,0.0,0.0,0.0
0.0,0.0,0.0,0.0,0.0,3.0,13.0,23.0,29.0,33.0,55.0,65.0,0.0,0.0,0.0,0.0,0.0,0.0,0.0,0.0,0.0,0.0,0.0,0.0,0.0
0.0,0.0,0.0,0.0,1.0,4.0,15.0,25.0,29.0,28.0,59.0,71.0,0.0,0.0,0.0,0.0,0.0,0.0,0.0,0.0,0.0,0.0,0.0,0.0,0.0
0.0,0.0,0.0,0.0,0.0,0.0,0.0,0.0,0.0,0.0,0.0,0.0,0.0,0.0,0.0,0.0,0.0,0.0,0.0,0.0,0.0,0.0,0.0,0.0,0.0
0.0,0.0,0.0,0.0,0.0,0.0,0.0,0.0,0.0,0.0,0.0,0.0,0.0,0.0,0.0,0.0,0.0,0.0,0.0,0.0,0.0,0.0,0.0,0.0,0.0
0.0,0.0,0.0,0.0,0.0,0.0,0.0,0.0,0.0,0.0,0.0,0.0,0.0,0.0,0.0,0.0,0.0,0.0,0.0,0.0,0.0,0.0,0.0,0.0,0.0
0.0,0.0,0.0,0.0,0.0,0.0,0.0,0.0,0.0,0.0,0.0,0.0,0.0,0.0,0.0,0.0,0.0,0.0,0.0,0.0,0.0,0.0,0.0,0.0,0.0
0.0,0.0,0.0,0.0,0.0,0.0,0.0,0.0,0.0,0.0,0.0,0.0,0.0,0.0,0.0,0.0,0.0,0.0,0.0,0.0,0.0,0.0,0.0,0.0,0.0
0.0,0.0,0.0,0.0,0.0,0.0,0.0,0.0,0.0,0.0,0.0,0.0,0.0,0.0,0.0,0.0,0.0,0.0,0.0,0.0,0.0,0.0,0.0,0.0,0.0
0.0,0.0,0.0,0.0,0.0,0.0,0.0,0.0,0.0,0.0,0.0,0.0,0.0,0.0,0.0,0.0,0.0,0.0,0.0,0.0,0.0,0.0,0.0,0.0,0.0
0.0,0.0,0.0,0.0,0.0,0.0,0.0,0.0,0.0,0.0,0.0,0.0,0.0,0.0,0.0,0.0,0.0,0.0,0.0,0.0,0.0,0.0,0.0,0.0,0.0
0.0,0.0,0.0,0.0,0.0,0.0,0.0,0.0,0.0,0.0,0.0,0.0,0.0,0.0,0.0,0.0,0.0,0.0,0.0,0.0,0.0,0.0,0.0,0.0,0.0
0.0,0.0,0.0,0.0,0.0,0.0,0.0,0.0,0.0,0.0,0.0,0.0,0.0,0.0,0.0,0.0,0.0,0.0,0.0,0.0,0.0,0.0,0.0,0.0,0.0
0.0,0.0,0.0,0.0,0.0,0.0,0.0,0.0,0.0,0.0,0.0,0.0,0.0,0.0,0.0,0.0,0.0,0.0,0.0,0.0,0.0,0.0,0.0,0.0,0.0
0.0,0.0,0.0,0.0,0.0,0.0,0.0,0.0,0.0,0.0,0.0,0.0,0.0,0.0,0.0,0.0,0.0,0.0,0.0,0.0,0.0,0.0,0.0,0.0,0.0
0.0,0.0,0.0,0.0,0.0,0.0,0.0,0.0,0.0,0.0,0.0,0.0,0.0,0.0,0.0,0.0,0.0,0.0,0.0,0.0,0.0,0.0,0.0,0.0,0.0
v=chr11:76138879-76140879	h=chr11:76138879-76140879	resolution=80	axis=right-bottom
420.0,285.0,190.0,133.0,104.0,55.0,28.0,14.0,4.0,3.0,2.0,1.0,0.0,0.0,0.0,0.0,0.0,0.0,0.0,0.0,0.0,0.0,0.0,0.0,0.0
285.0,391.0,263.0,165.0,99.0,85.0,63.0,34.0,17.0,5.0,4.0,1.0,0.0,0.0,0.0,0.0,0.0,0.0,0.0,0.0,0.0,0.0,0.0,0.0,0.0
190.0,263.0,390.0,278.0,148.0,96.0,89.0,54.0,35.0,15.0,10.0,5.0,1.0,1.0,0.0,0.0,0.0,0.0,0.0,0.0,0.0,0.0,0.0,0.0,0.0
133.0,165.0,278.0,360.0,211.0,123.0,80.0,63.0,47.0,25.0,12.0,6.0,2.0,2.0,0.0,0.0,0.0,0.0,0.0,0.0,0.0,0.0,0.0,0.0,0.0
104.0,99.0,148.0,211.0,327.0,217.0,142.0,68.0,73.0,65.0,42.0,24.0,9.0,6.0,0.0,0.0,0.0,0.0,0.0,0.0,0.0,0.0,0.0,0.0,0.0
55.0,85.0,96.0,123.0,217.0,314.0,232.0,130.0,72.0,76.0,63.0,51.0,22.0,8.0,5.0,4.0,2.0,1.0,0.0,0.0,0.0,0.0,0.0,0.0,0.0
28.0,63.0,89.0,80.0,142.0,232.0,334.0,218.0,127.0,89.0,104.0,92.0,39.0,16.0,9.0,6.0,2.0,1.0,0.0,0.0,0.0,0.0,0.0,0.0,0.0
14.0,34.0,54.0,63.0,68.0,130.0,218.0,338.0,232.0,135.0,120.0,130.0,57.0,25.0,15.0,11.0,5.0,5.0,0.0,0.0,0.0,0.0,0.0,0.0,0.0
4.0,17.0,35.0,47.0,73.0,72.0,127.0,232.0,363.0,242.0,169.0,133.0,79.0,51.0,30.0,8.0,3.0,2.0,0.0,0.0,0.0,0.0,0.0,0.0,0.0
3.0,5.0,15.0,25.0,65.0,76.0,89.0,135.0,242.0,346.0,242.0,161.0,73.0,62.0,35.0,20.0,9.0,3.0,0.0,0.0,2.0,2.0,2.0,0.0,0.0
2.0,4.0,10.0,12.0,42.0,63.0,104.0,120.0,169.0,242.0,401.0,302.0,123.0,68.0,64.0,48.0,27.0,12.0,5.0,1.0,3.0,2.0,2.0,0.0,0.0
1.0,1.0,5.0,6.0,24.0,51.0,92.0,130.0,133.0,161.0,302.0,390.0,177.0,84.0,60.0,62.0,39.0,21.0,7.0,5.0,6.0,5.0,2.0,0.0,0.0
0.0,0.0,1.0,2.0,9.0,22.0,39.0,57.0,79.0,73.0,123.0,177.0,273.0,177.0,110.0,77.0,70.0,49.0,23.0,16.0,10.0,7.0,1.0,0.0,0.0
0.0,0.0,1.0,2.0,6.0,8.0,16.0,25.0,51.0,62.0,68.0,84.0,177.0,217.0,132.0,79.0,59.0,52.0,29.0,23.0,17.0,11.0,5.0,0.0,0.0
0.0,0.0,0.0,0.0,0.0,5.0,9.0,15.0,30.0,35.0,64.0,60.0,110.0,132.0,223.0,156.0,92.0,60.0,62.0,53.0,30.0,16.0,8.0,0.0,0.0
0.0,0.0,0.0,0.0,0.0,4.0,6.0,11.0,8.0,20.0,48.0,62.0,77.0,79.0,156.0,221.0,152.0,98.0,73.0,62.0,31.0,19.0,9.0,3.0,0.0
0.0,0.0,0.0,0.0,0.0,2.0,2.0,5.0,3.0,9.0,27.0,39.0,70.0,59.0,92.0,152.0,210.0,149.0,102.0,66.0,38.0,33.0,16.0,9.0,5.0
0.0,0.0,0.0,0.0,0.0,1.0,1.0,5.0,2.0,3.0,12.0,21.0,49.0,52.0,60.0,98.0,149.0,208.0,147.0,93.0,51.0,56.0,39.0,17.0,7.0
0.0,0.0,0.0,0.0,0.0,0.0,0.0,0.0,0.0,0.0,5.0,7.0,23.0,29.0,62.0,73.0,102.0,147.0,243.0,183.0,109.0,82.0,83.0,38.0,20.0
0.0,0.0,0.0,0.0,0.0,0.0,0.0,0.0,0.0,0.0,1.0,5.0,16.0,23.0,53.0,62.0,66.0,93.0,183.0,261.0,179.0,123.0,99.0,64.0,46.0
0.0,0.0,0.0,0.0,0.0,0.0,0.0,0.0,0.0,2.0,3.0,6.0,10.0,17.0,30.0,31.0,38.0,51.0,109.0,179.0,254.0,188.0,135.0,73.0,74.0
0.0,0.0,0.0,0.0,0.0,0.0,0.0,0.0,0.0,2.0,2.0,5.0,7.0,11.0,16.0,19.0,33.0,56.0,82.0,123.0,188.0,258.0,190.0,107.0,70.0
0.0,0.0,0.0,0.0,0.0,0.0,0.0,0.0,0.0,2.0,2.0,2.0,1.0,5.0,8.0,9.0,16.0,39.0,83.0,99.0,135.0,190.0,275.0,190.0,122.0
0.0,0.0,0.0,0.0,0.0,0.0,0.0,0.0,0.0,0.0,0.0,0.0,0.0,0.0,0.0,3.0,9.0,17.0,38.0,64.0,73.0,107.0,190.0,235.0,158.0
0.0,0.0,0.0,0.0,0.0,0.0,0.0,0.0,0.0,0.0,0.0,0.0,0.0,0.0,0.0,0.0,5.0,7.0,20.0,46.0,74.0,70.0,122.0,158.0,256.0
#sv
chr3	106178797	-	chr11	31230228	+	.	0	0	10011507_1	99.0	.	BX=CCGGCAAGTAGGCTCC-1_1,AGCCGTGCACCAACCG-1_1,GATGAGGGTAAACCTC-1_2,GGGTCTGAGTGTCCAT-1_1,ACGCCAGCAATTAAGG-1_1,AGGCGAATCCTATTCA-1_1,CACCAAAAGGAAAGGT-1_1,CATGGCGGTCGTTGGC-1_2,TCGAATGTCCGTCTAC-1_1,GTCCAAAGTTAGAATG-1_2,ATCTCCGTCGACGAAG-1_3,CGATGGCAGGATGTCG-1_1,ATGGGAGCAGTGTAGG-1_5,GGACAGAAGTCTCGGC-1_1,TTCCATAAGCCCGTGT-1_1,TCAACGATCTGAGTAC-1_1,TTCTCCTCAGGGTCAA-1_1,CATATGGTCGTTATCT-1_1,CTGCTGTCAATCGCAT-1_1,CTTATACAGTACCTGT-1_1,AACGTTGGTAGCAAAT-1_1,ACGTATGGTCAAGCGA-1_1,AGGGAACCACACTAAC-1_1,AGCGTATTCTTTCCTC-1_2,TTCGCTGGTGGAAAGA-1_1,GCCGGATAGCTGCATT-1_1,TACTCGCGTGCACCAC-1_1,ACACCAACACAACGGA-1_3,GTGCAGCTCTATGGTG-1_1,GTACGTATCTGAAGCT-1_1,CATCGTCGTCCTGGAC-1_1,GTTCGAAGTACTAGGG-1_1,TGACTTTTCTATGGCA-1_1,GAGCTCGAGGAGCGAG-1_2;DISC_MAPQ=60;EVDNC=ASDIS;HOMSEQ=G;MAPQ=60;MATEID=10011507_2;MATENM=0;NM=1;NUMPARTS=2;SCTG=c_11_31213001_31238001_77C;SPAN=-1;SVTYPE=BND;TOOL=svaba;GENOTYPE=OC001B.bam(GT:0/0 AD:0 DP:25 GQ:6.9 PL:[0.0, 6.9, 75.9] SR:0 DR:0 LR:7.024 LO:0.0),OC001T.bam(GT:1/1 AD:50 DP:28 GQ:13.8 PL:[151.8, 13.8, 0.0] SR:23 DR:37 LR:-151.8 LO:151.8);ALT=[chr11:31230228[g;VARTYPE=BND:TRX-tt;JOINTYPE=tt
#heatmap	linkage_type=pair_end
v=chr3:106177797-106179797	h=chr3:106177797-106179797	resolution=80	axis=left-top
190.0,147.0,76.0,59.0,58.0,34.0,24.0,7.0,2.0,0.0,0.0,1.0,1.0,0.0,0.0,0.0,0.0,0.0,0.0,0.0,0.0,0.0,0.0,0.0,0.0
147.0,177.0,98.0,69.0,57.0,45.0,34.0,14.0,4.0,0.0,0.0,1.0,1.0,0.0,0.0,0.0,0.0,0.0,0.0,0.0,0.0,0.0,0.0,0.0,0.0
76.0,98.0,168.0,122.0,84.0,46.0,54.0,33.0,15.0,5.0,3.0,2.0,1.0,0.0,0.0,0.0,0.0,0.0,0.0,0.0,0.0,0.0,0.0,0.0,0.0
59.0,69.0,122.0,197.0,150.0,91.0,68.0,58.0,37.0,14.0,11.0,4.0,1.0,0.0,0.0,0.0,0.0,0.0,0.0,0.0,0.0,0.0,0.0,0.0,0.0
58.0,57.0,84.0,150.0,182.0,115.0,78.0,52.0,41.0,18.0,10.0,4.0,4.0,2.0,0.0,0.0,0.0,0.0,0.0,0.0,0.0,0.0,0.0,0.0,0.0
34.0,45.0,46.0,91.0,115.0,150.0,101.0,56.0,28.0,18.0,14.0,9.0,8.0,4.0,4.0,3.0,1.0,0.0,0.0,0.0,0.0,0.0,0.0,0.0,0.0
24.0,34.0,54.0,68.0,78.0,101.0,144.0,91.0,42.0,20.0,20.0,14.0,13.0,9.0,4.0,3.0,1.0,0.0,0.0,0.0,0.0,0.0,0.0,0.0,0.0
7.0,14.0,33.0,58.0,52.0,56.0,91.0,132.0,77.0,41.0,32.0,32.0,25.0,14.0,4.0,3.0,2.0,0.0,0.0,0.0,0.0,0.0,0.0,0.0,0.0
2.0,4.0,15.0,37.0,41.0,28.0,42.0,77.0,118.0,76.0,43.0,39.0,34.0,20.0,6.0,6.0,5.0,2.0,0.0,0.0,0.0,0.0,0.0,0.0,0.0
0.0,0.0,5.0,14.0,18.0,18.0,20.0,41.0,76.0,127.0,87.0,71.0,50.0,51.0,31.0,18.0,6.0,2.0,0.0,0.0,0.0,0.0,0.0,0.0,0.0
0.0,0.0,3.0,11.0,10.0,14.0,20.0,32.0,43.0,87.0,123.0,92.0,65.0,50.0,36.0,25.0,12.0,5.0,1.0,0.0,0.0,0.0,0.0,0.0,0.0
1.0,1.0,2.0,4.0,4.0,9.0,14.0,32.0,39.0,71.0,92.0,155.0,123.0,83.0,52.0,44.0,27.0,10.0,9.0,8.0,4.0,0.0,0.0,0.0,0.0
1.0,1.0,1.0,1.0,4.0,8.0,13.0,25.0,34.0,50.0,65.0,123.0,192.0,136.0,76.0,55.0,46.0,24.0,15.0,10.0,5.0,0.0,0.0,0.0,0.0
0.0,0.0,0.0,0.0,2.0,4.0,9.0,14.0,20.0,51.0,50.0,83.0,136.0,230.0,157.0,110.0,61.0,49.0,44.0,30.0,12.0,1.0,0.0,0.0,0.0
0.0,0.0,0.0,0.0,0.0,4.0,4.0,4.0,6.0,31.0,36.0,52.0,76.0,157.0,258.0,207.0,129.0,72.0,74.0,58.0,39.0,16.0,7.0,2.0,0.0
0.0,0.0,0.0,0.0,0.0,3.0,3.0,3.0,6.0,18.0,25.0,44.0,55.0,110.0,207.0,262.0,176.0,106.0,92.0,83.0,63.0,27.0,12.0,4.0,1.0
0.0,0.0,0.0,0.0,0.0,1.0,1.0,2.0,5.0,6.0,12.0,27.0,46.0,61.0,129.0,176.0,271.0,187.0,128.0,92.0,105.0,70.0,27.0,9.0,4.0
0.0,0.0,0.0,0.0,0.0,0.0,0.0,0.0,2.0,2.0,5.0,10.0,24.0,49.0,72.0,106.0,187.0,284.0,208.0,143.0,121.0,113.0,63.0,29.0,13.0
0.0,0.0,0.0,0.0,0.0,0.0,0.0,0.0,0.0,0.0,1.0,9.0,15.0,44.0,74.0,92.0,128.0,208.0,306.0,231.0,148.0,112.0,90.0,55.0,22.0
0.0,0.0,0.0,0.0,0.0,0.0,0.0,0.0,0.0,0.0,0.0,8.0,10.0,30.0,58.0,83.0,92.0,143.0,231.0,296.0,187.0,115.0,93.0,72.0,40.0
0.0,0.0,0.0,0.0,0.0,0.0,0.0,0.0,0.0,0.0,0.0,4.0,5.0,12.0,39.0,63.0,105.0,121.0,148.0,187.0,276.0,181.0,107.0,48.0,45.0
0.0,0.0,0.0,0.0,0.0,0.0,0.0,0.0,0.0,0.0,0.0,0.0,0.0,1.0,16.0,27.0,70.0,113.0,112.0,115.0,181.0,258.0,171.0,90.0,48.0
0.0,0.0,0.0,0.0,0.0,0.0,0.0,0.0,0.0,0.0,0.0,0.0,0.0,0.0,7.0,12.0,27.0,63.0,90.0,93.0,107.0,171.0,245.0,152.0,91.0
0.0,0.0,0.0,0.0,0.0,0.0,0.0,0.0,0.0,0.0,0.0,0.0,0.0,0.0,2.0,4.0,9.0,29.0,55.0,72.0,48.0,90.0,152.0,231.0,162.0
0.0,0.0,0.0,0.0,0.0,0.0,0.0,0.0,0.0,0.0,0.0,0.0,0.0,0.0,0.0,1.0,4.0,13.0,22.0,40.0,45.0,48.0,91.0,162.0,271.0
v=chr3:106177797-106179797	h=chr11:31229228-31231228	resolution=80	axis=right-top
0.0,0.0,0.0,0.0,0.0,0.0,0.0,0.0,0.0,0.0,0.0,0.0,0.0,0.0,0.0,0.0,0.0,0.0,0.0,0.0,0.0,0.0,0.0,0.0,0.0
0.0,0.0,0.0,0.0,0.0,0.0,0.0,0.0,0.0,0.0,0.0,0.0,0.0,0.0,0.0,0.0,0.0,0.0,0.0,0.0,0.0,0.0,0.0,0.0,0.0
0.0,0.0,0.0,0.0,0.0,0.0,0.0,0.0,0.0,0.0,0.0,0.0,0.0,0.0,0.0,0.0,0.0,0.0,0.0,0.0,0.0,0.0,0.0,0.0,0.0
0.0,0.0,0.0,0.0,0.0,0.0,0.0,0.0,0.0,0.0,0.0,0.0,0.0,0.0,0.0,0.0,0.0,0.0,0.0,0.0,0.0,0.0,0.0,0.0,0.0
0.0,0.0,0.0,0.0,0.0,0.0,0.0,0.0,0.0,0.0,0.0,0.0,0.0,0.0,0.0,0.0,0.0,0.0,0.0,0.0,0.0,0.0,0.0,0.0,0.0
0.0,0.0,0.0,0.0,0.0,0.0,0.0,0.0,0.0,0.0,0.0,0.0,0.0,0.0,0.0,0.0,0.0,0.0,0.0,0.0,0.0,0.0,0.0,0.0,0.0
0.0,0.0,0.0,0.0,0.0,0.0,0.0,0.0,0.0,0.0,0.0,0.0,0.0,0.0,0.0,0.0,0.0,0.0,0.0,0.0,0.0,0.0,0.0,0.0,0.0
0.0,0.0,0.0,0.0,0.0,0.0,0.0,0.0,0.0,0.0,0.0,0.0,0.0,0.0,0.0,0.0,0.0,0.0,0.0,0.0,0.0,0.0,0.0,0.0,0.0
0.0,0.0,0.0,0.0,0.0,0.0,0.0,0.0,0.0,0.0,0.0,0.0,0.0,0.0,0.0,0.0,0.0,0.0,0.0,0.0,0.0,0.0,0.0,0.0,0.0
0.0,0.0,0.0,0.0,0.0,0.0,0.0,0.0,0.0,0.0,0.0,0.0,0.0,0.0,0.0,0.0,0.0,0.0,0.0,0.0,0.0,0.0,0.0,0.0,0.0
0.0,0.0,0.0,0.0,0.0,0.0,0.0,0.0,0.0,0.0,0.0,0.0,0.0,0.0,0.0,0.0,0.0,0.0,0.0,0.0,0.0,0.0,0.0,0.0,0.0
0.0,0.0,0.0,0.0,0.0,0.0,0.0,0.0,0.0,0.0,0.0,0.0,0.0,0.0,0.0,0.0,0.0,0.0,0.0,0.0,0.0,0.0,0.0,0.0,0.0
0.0,0.0,0.0,0.0,0.0,0.0,0.0,0.0,0.0,0.0,0.0,0.0,24.0,29.0,16.0,12.0,10.0,9.0,2.0,2.0,1.0,0.0,0.0,0.0,0.0
0.0,0.0,0.0,0.0,0.0,0.0,0.0,0.0,0.0,0.0,0.0,0.0,25.0,33.0,22.0,21.0,16.0,13.0,3.0,3.0,1.0,0.0,0.0,0.0,0.0
0.0,0.0,0.0,0.0,0.0,0.0,0.0,0.0,0.0,0.0,0.0,0.0,15.0,24.0,24.0,14.0,9.0,7.0,2.0,2.0,0.0,0.0,0.0,0.0,0.0
0.0,0.0,0.0,0.0,0.0,0.0,0.0,0.0,0.0,0.0,0.0,0.0,13.0,15.0,13.0,8.0,6.0,4.0,1.0,1.0,0.0,0.0,0.0,0.0,0.0
0.0,0.0,0.0,0.0,0.0,0.0,0.0,0.0,0.0,0.0,0.0,0.0,9.0,9.0,5.0,1.0,1.0,0.0,0.0,0.0,0.0,0.0,0.0,0.0,0.0
0.0,0.0,0.0,0.0,0.0,0.0,0.0,0.0,0.0,0.0,0.0,0.0,6.0,6.0,2.0,0.0,0.0,0.0,0.0,0.0,0.0,0.0,0.0,0.0,0.0
0.0,0.0,0.0,0.0,0.0,0.0,0.0,0.0,0.0,0.0,0.0,0.0,3.0,3.0,2.0,0.0,0.0,0.0,0.0,0.0,0.0,0.0,0.0,0.0,0.0
0.0,0.0,0.0,0.0,0.0,0.0,0.0,0.0,0.0,0.0,0.0,0.0,1.0,1.0,1.0,0.0,0.0,0.0,0.0,0.0,0.0,0.0,0.0,0.0,0.0
0.0,0.0,0.0,0.0,0.0,0.0,0.0,0.0,0.0,0.0,0.0,0.0,1.0,1.0,1.0,0.0,0.0,0.0,0.0,0.0,0.0,0.0,0.0,0.0,0.0
0.0,0.0,0.0,0.0,0.0,0.0,0.0,0.0,0.0,0.0,0.0,0.0,0.0,0.0,0.0,0.0,0.0,0.0,0.0,0.0,0.0,0.0,0.0,0.0,0.0
0.0,0.0,0.0,0.0,0.0,0.0,0.0,0.0,0.0,0.0,0.0,0.0,0.0,0.0,0.0,0.0,0.0,0.0,0.0,0.0,0.0,0.0,0.0,0.0,0.0
0.0,0.0,0.0,0.0,0.0,0.0,0.0,0.0,0.0,0.0,0.0,0.0,0.0,0.0,0.0,0.0,0.0,0.0,0.0,0.0,0.0,0.0,0.0,0.0,0.0
0.0,0.0,0.0,0.0,0.0,0.0,0.0,0.0,0.0,0.0,0.0,0.0,0.0,0.0,0.0,0.0,0.0,0.0,0.0,0.0,0.0,0.0,0.0,0.0,0.0
v=chr11:31229228-31231228	h=chr3:106177797-106179797	resolution=80	axis=left-bottom
0.0,0.0,0.0,0.0,0.0,0.0,0.0,0.0,0.0,0.0,0.0,0.0,0.0,0.0,0.0,0.0,0.0,0.0,0.0,0.0,0.0,0.0,0.0,0.0,0.0
0.0,0.0,0.0,0.0,0.0,0.0,0.0,0.0,0.0,0.0,0.0,0.0,0.0,0.0,0.0,0.0,0.0,0.0,0.0,0.0,0.0,0.0,0.0,0.0,0.0
0.0,0.0,0.0,0.0,0.0,0.0,0.0,0.0,0.0,0.0,0.0,0.0,0.0,0.0,0.0,0.0,0.0,0.0,0.0,0.0,0.0,0.0,0.0,0.0,0.0
0.0,0.0,0.0,0.0,0.0,0.0,0.0,0.0,0.0,0.0,0.0,0.0,0.0,0.0,0.0,0.0,0.0,0.0,0.0,0.0,0.0,0.0,0.0,0.0,0.0
0.0,0.0,0.0,0.0,0.0,0.0,0.0,0.0,0.0,0.0,0.0,0.0,0.0,0.0,0.0,0.0,0.0,0.0,0.0,0.0,0.0,0.0,0.0,0.0,0.0
0.0,0.0,0.0,0.0,0.0,0.0,0.0,0.0,0.0,0.0,0.0,0.0,0.0,0.0,0.0,0.0,0.0,0.0,0.0,0.0,0.0,0.0,0.0,0.0,0.0
0.0,0.0,0.0,0.0,0.0,0.0,0.0,0.0,0.0,0.0,0.0,0.0,0.0,0.0,0.0,0.0,0.0,0.0,0.0,0.0,0.0,0.0,0.0,0.0,0.0
0.0,0.0,0.0,0.0,0.0,0.0,0.0,0.0,0.0,0.0,0.0,0.0,0.0,0.0,0.0,0.0,0.0,0.0,0.0,0.0,0.0,0.0,0.0,0.0,0.0
0.0,0.0,0.0,0.0,0.0,0.0,0.0,0.0,0.0,0.0,0.0,0.0,0.0,0.0,0.0,0.0,0.0,0.0,0.0,0.0,0.0,0.0,0.0,0.0,0.0
0.0,0.0,0.0,0.0,0.0,0.0,0.0,0.0,0.0,0.0,0.0,0.0,0.0,0.0,0.0,0.0,0.0,0.0,0.0,0.0,0.0,0.0,0.0,0.0,0.0
0.0,0.0,0.0,0.0,0.0,0.0,0.0,0.0,0.0,0.0,0.0,0.0,0.0,0.0,0.0,0.0,0.0,0.0,0.0,0.0,0.0,0.0,0.0,0.0,0.0
0.0,0.0,0.0,0.0,0.0,0.0,0.0,0.0,0.0,0.0,0.0,0.0,0.0,0.0,0.0,0.0,0.0,0.0,0.0,0.0,0.0,0.0,0.0,0.0,0.0
0.0,0.0,0.0,0.0,0.0,0.0,0.0,0.0,0.0,0.0,0.0,0.0,24.0,25.0,15.0,13.0,9.0,6.0,3.0,1.0,1.0,0.0,0.0,0.0,0.0
0.0,0.0,0.0,0.0,0.0,0.0,0.0,0.0,0.0,0.0,0.0,0.0,29.0,33.0,24.0,15.0,9.0,6.0,3.0,1.0,1.0,0.0,0.0,0.0,0.0
0.0,0.0,0.0,0.0,0.0,0.0,0.0,0.0,0.0,0.0,0.0,0.0,16.0,22.0,24.0,13.0,5.0,2.0,2.0,1.0,1.0,0.0,0.0,0.0,0.0
0.0,0.0,0.0,0.0,0.0,0.0,0.0,0.0,0.0,0.0,0.0,0.0,12.0,21.0,14.0,8.0,1.0,0.0,0.0,0.0,0.0,0.0,0.0,0.0,0.0
0.0,0.0,0.0,0.0,0.0,0.0,0.0,0.0,0.0,0.0,0.0,0.0,10.0,16.0,9.0,6.0,1.0,0.0,0.0,0.0,0.0,0.0,0.0,0.0,0.0
0.0,0.0,0.0,0.0,0.0,0.0,0.0,0.0,0.0,0.0,0.0,0.0,9.0,13.0,7.0,4.0,0.0,0.0,0.0,0.0,0.0,0.0,0.0,0.0,0.0
0.0,0.0,0.0,0.0,0.0,0.0,0.0,0.0,0.0,0.0,0.0,0.0,2.0,3.0,2.0,1.0,0.0,0.0,0.0,0.0,0.0,0.0,0.0,0.0,0.0
0.0,0.0,0.0,0.0,0.0,0.0,0.0,0.0,0.0,0.0,0.0,0.0,2.0,3.0,2.0,1.0,0.0,0.0,0.0,0.0,0.0,0.0,0.0,0.0,0.0
0.0,0.0,0.0,0.0,0.0,0.0,0.0,0.0,0.0,0.0,0.0,0.0,1.0,1.0,0.0,0.0,0.0,0.0,0.0,0.0,0.0,0.0,0.0,0.0,0.0
0.0,0.0,0.0,0.0,0.0,0.0,0.0,0.0,0.0,0.0,0.0,0.0,0.0,0.0,0.0,0.0,0.0,0.0,0.0,0.0,0.0,0.0,0.0,0.0,0.0
0.0,0.0,0.0,0.0,0.0,0.0,0.0,0.0,0.0,0.0,0.0,0.0,0.0,0.0,0.0,0.0,0.0,0.0,0.0,0.0,0.0,0.0,0.0,0.0,0.0
0.0,0.0,0.0,0.0,0.0,0.0,0.0,0.0,0.0,0.0,0.0,0.0,0.0,0.0,0.0,0.0,0.0,0.0,0.0,0.0,0.0,0.0,0.0,0.0,0.0
0.0,0.0,0.0,0.0,0.0,0.0,0.0,0.0,0.0,0.0,0.0,0.0,0.0,0.0,0.0,0.0,0.0,0.0,0.0,0.0,0.0,0.0,0.0,0.0,0.0
v=chr11:31229228-31231228	h=chr11:31229228-31231228	resolution=80	axis=right-bottom
108.0,80.0,48.0,22.0,21.0,19.0,15.0,11.0,4.0,1.0,0.0,0.0,0.0,0.0,0.0,0.0,0.0,0.0,0.0,0.0,0.0,0.0,0.0,0.0,0.0
80.0,109.0,75.0,39.0,22.0,24.0,17.0,13.0,6.0,2.0,1.0,0.0,0.0,0.0,0.0,0.0,0.0,0.0,0.0,0.0,0.0,0.0,0.0,0.0,0.0
48.0,75.0,97.0,59.0,28.0,27.0,28.0,25.0,9.0,5.0,2.0,0.0,0.0,0.0,0.0,0.0,0.0,0.0,0.0,0.0,0.0,0.0,0.0,0.0,0.0
22.0,39.0,59.0,83.0,49.0,36.0,24.0,27.0,14.0,6.0,3.0,1.0,0.0,0.0,0.0,0.0,0.0,0.0,0.0,0.0,0.0,0.0,0.0,0.0,0.0
21.0,22.0,28.0,49.0,83.0,65.0,45.0,31.0,22.0,16.0,14.0,7.0,0.0,0.0,0.0,0.0,0.0,0.0,0.0,0.0,0.0,0.0,0.0,0.0,0.0
19.0,24.0,27.0,36.0,65.0,111.0,88.0,67.0,34.0,33.0,31.0,18.0,5.0,1.0,1.0,1.0,1.0,1.0,0.0,0.0,0.0,0.0,0.0,0.0,0.0
15.0,17.0,28.0,24.0,45.0,88.0,122.0,99.0,55.0,37.0,40.0,29.0,16.0,5.0,4.0,3.0,1.0,1.0,2.0,2.0,1.0,1.0,0.0,0.0,0.0
11.0,13.0,25.0,27.0,31.0,67.0,99.0,131.0,82.0,53.0,43.0,40.0,25.0,11.0,5.0,4.0,1.0,1.0,2.0,2.0,1.0,1.0,0.0,0.0,0.0
4.0,6.0,9.0,14.0,22.0,34.0,55.0,82.0,109.0,72.0,50.0,36.0,31.0,21.0,13.0,7.0,2.0,0.0,1.0,1.0,1.0,1.0,0.0,0.0,0.0
1.0,2.0,5.0,6.0,16.0,33.0,37.0,53.0,72.0,112.0,81.0,55.0,32.0,36.0,23.0,12.0,7.0,3.0,1.0,0.0,0.0,0.0,0.0,0.0,0.0
0.0,1.0,2.0,3.0,14.0,31.0,40.0,43.0,50.0,81.0,134.0,104.0,64.0,45.0,42.0,22.0,12.0,4.0,1.0,0.0,0.0,0.0,0.0,0.0,0.0
0.0,0.0,0.0,1.0,7.0,18.0,29.0,40.0,36.0,55.0,104.0,125.0,79.0,55.0,42.0,27.0,16.0,7.0,2.0,0.0,0.0,0.0,0.0,0.0,0.0
0.0,0.0,0.0,0.0,0.0,5.0,16.0,25.0,31.0,32.0,64.0,79.0,146.0,108.0,72.0,36.0,32.0,22.0,9.0,3.0,4.0,2.0,1.0,0.0,0.0
0.0,0.0,0.0,0.0,0.0,1.0,5.0,11.0,21.0,36.0,45.0,55.0,108.0,178.0,136.0,79.0,54.0,52.0,31.0,8.0,4.0,2.0,1.0,0.0,0.0
0.0,0.0,0.0,0.0,0.0,1.0,4.0,5.0,13.0,23.0,42.0,42.0,72.0,136.0,189.0,125.0,83.0,65.0,49.0,23.0,16.0,5.0,1.0,0.0,0.0
0.0,0.0,0.0,0.0,0.0,1.0,3.0,4.0,7.0,12.0,22.0,27.0,36.0,79.0,125.0,199.0,147.0,118.0,63.0,56.0,43.0,23.0,9.0,4.0,1.0
0.0,0.0,0.0,0.0,0.0,1.0,1.0,1.0,2.0,7.0,12.0,16.0,32.0,54.0,83.0,147.0,209.0,172.0,103.0,64.0,63.0,52.0,31.0,12.0,1.0
0.0,0.0,0.0,0.0,0.0,1.0,1.0,1.0,0.0,3.0,4.0,7.0,22.0,52.0,65.0,118.0,172.0,214.0,137.0,82.0,68.0,70.0,42.0,20.0,4.0
0.0,0.0,0.0,0.0,0.0,0.0,2.0,2.0,1.0,1.0,1.0,2.0,9.0,31.0,49.0,63.0,103.0,137.0,174.0,105.0,74.0,65.0,48.0,23.0,9.0
0.0,0.0,0.0,0.0,0.0,0.0,2.0,2.0,1.0,0.0,0.0,0.0,3.0,8.0,23.0,56.0,64.0,82.0,105.0,161.0,117.0,77.0,43.0,35.0,30.0
0.0,0.0,0.0,0.0,0.0,0.0,1.0,1.0,1.0,0.0,0.0,0.0,4.0,4.0,16.0,43.0,63.0,68.0,74.0,117.0,168.0,125.0,76.0,40.0,41.0
0.0,0.0,0.0,0.0,0.0,0.0,1.0,1.0,1.0,0.0,0.0,0.0,2.0,2.0,5.0,23.0,52.0,70.0,65.0,77.0,125.0,176.0,119.0,66.0,45.0
0.0,0.0,0.0,0.0,0.0,0.0,0.0,0.0,0.0,0.0,0.0,0.0,1.0,1.0,1.0,9.0,31.0,42.0,48.0,43.0,76.0,119.0,176.0,119.0,74.0
0.0,0.0,0.0,0.0,0.0,0.0,0.0,0.0,0.0,0.0,0.0,0.0,0.0,0.0,0.0,4.0,12.0,20.0,23.0,35.0,40.0,66.0,119.0,158.0,102.0
0.0,0.0,0.0,0.0,0.0,0.0,0.0,0.0,0.0,0.0,0.0,0.0,0.0,0.0,0.0,1.0,1.0,4.0,9.0,30.0,41.0,45.0,74.0,102.0,151.0
#sv
chr3	186327788	+	chr3	119049964	+	.	0	0	4082317_1	99.0	.	BX=GCCACTTAGGCATTTC-1_1,CCAATCCAGTATCTCG-1_1,GTGGCACTCCCAACGG-1_1,AGGCGAAGTCGTTGGC-1_2,TACTTGTTCGTGGTCG-1_1,TGCCCTAGTGAAATCA-1_1,GGCAATTTCGTATCAG-1_2,CTGGTCTAGCTCGCTG-1_1,CTGTAAGTCTTCACGC-1_1,ATGCGGCCAAACCGAG-1_2,ATCTATCGTAACGACG-1_2,GTTGCCTGTAAGAGAG-1_1,GACACATTCAACGATC-1_1,CTATCTAGTCTTACCC-1_2,GGGCCATGTCAACCGC-1_2,CTCACACGTACGAAAT-1_1,ACACCGGAGTGGACAC-1_1,GAGATGGAGCAGTCTT-1_1,CCACCTAAGTGAGAAG-1_1,GTTTGAGTCACGACGC-1_2,AGTAGTCAGACAGATT-1_1,ATGCGGCGTCTCAACA-1_1,CGGTGACTCGAGAAGC-1_1,CTACCCACACTTGGAT-1_1,CGCAAGCAGCACAGGT-1_1,GCTCTGTGTTGCGGCT-1_1,TCGAAACCAACGCACC-1_1;EVDNC=ASSMB;HOMSEQ=TGA;MAPQ=60;MATEID=4082317_2;MATENM=0;NM=0;NUMPARTS=2;SCTG=c_3_186322501_186347501_50C;SPAN=67277824;SVTYPE=BND;TOOL=svaba;GENOTYPE=OC001B.bam(GT:0/0 AD:0 DP:19 GQ:5.1 PL:[0.0, 5.1, 56.1] SR:0 DR:0 LR:5.338 LO:0.0),OC001T.bam(GT:0/1 AD:37 DP:54 GQ:27.8 PL:[107.0, 0.0, 27.8] SR:37 DR:0 LR:-109.5 LO:109.5);ALT=]chr3:186327788]T;VARTYPE=BND:DUP-th;JOINTYPE=th
#heatmap	linkage_type=pair_end
v=chr3:119048964-119050964	h=chr3:119048964-119050964	resolution=80	axis=left-top
298.0,198.0,147.0,87.0,88.0,66.0,41.0,21.0,13.0,8.0,2.0,0.0,1.0,1.0,1.0,0.0,0.0,0.0,0.0,0.0,0.0,0.0,0.0,0.0,0.0
198.0,308.0,235.0,121.0,85.0,89.0,68.0,45.0,30.0,11.0,3.0,2.0,2.0,2.0,1.0,0.0,0.0,0.0,0.0,0.0,0.0,0.0,0.0,0.0,0.0
147.0,235.0,346.0,222.0,148.0,109.0,105.0,70.0,41.0,13.0,9.0,4.0,2.0,1.0,0.0,0.0,0.0,0.0,0.0,0.0,0.0,0.0,0.0,0.0,0.0
87.0,121.0,222.0,303.0,205.0,129.0,89.0,73.0,47.0,19.0,14.0,8.0,5.0,3.0,2.0,1.0,0.0,0.0,0.0,0.0,0.0,0.0,0.0,0.0,0.0
88.0,85.0,148.0,205.0,299.0,205.0,133.0,81.0,71.0,42.0,28.0,12.0,4.0,4.0,4.0,2.0,0.0,0.0,0.0,0.0,0.0,0.0,0.0,0.0,0.0
66.0,89.0,109.0,129.0,205.0,315.0,224.0,151.0,90.0,76.0,59.0,33.0,10.0,7.0,5.0,3.0,1.0,0.0,0.0,0.0,0.0,0.0,0.0,1.0,1.0
41.0,68.0,105.0,89.0,133.0,224.0,316.0,228.0,146.0,79.0,77.0,57.0,22.0,15.0,8.0,3.0,1.0,0.0,0.0,0.0,0.0,0.0,0.0,1.0,1.0
21.0,45.0,70.0,73.0,81.0,151.0,228.0,327.0,234.0,142.0,92.0,89.0,55.0,35.0,19.0,10.0,3.0,1.0,0.0,0.0,0.0,0.0,0.0,1.0,0.0
13.0,30.0,41.0,47.0,71.0,90.0,146.0,234.0,311.0,205.0,130.0,89.0,81.0,65.0,41.0,19.0,7.0,2.0,1.0,0.0,0.0,0.0,0.0,1.0,0.0
8.0,11.0,13.0,19.0,42.0,76.0,79.0,142.0,205.0,309.0,218.0,143.0,99.0,101.0,69.0,41.0,25.0,14.0,8.0,3.0,1.0,0.0,0.0,0.0,0.0
2.0,3.0,9.0,14.0,28.0,59.0,77.0,92.0,130.0,218.0,322.0,234.0,146.0,102.0,95.0,65.0,57.0,24.0,12.0,3.0,1.0,0.0,0.0,0.0,0.0
0.0,2.0,4.0,8.0,12.0,33.0,57.0,89.0,89.0,143.0,234.0,312.0,205.0,134.0,100.0,96.0,70.0,25.0,11.0,2.0,1.0,1.0,1.0,0.0,0.0
1.0,2.0,2.0,5.0,4.0,10.0,22.0,55.0,81.0,99.0,146.0,205.0,341.0,248.0,174.0,115.0,92.0,51.0,28.0,11.0,4.0,2.0,2.0,1.0,1.0
1.0,2.0,1.0,3.0,4.0,7.0,15.0,35.0,65.0,101.0,102.0,134.0,248.0,363.0,265.0,158.0,77.0,64.0,51.0,30.0,18.0,4.0,2.0,1.0,1.0
1.0,1.0,0.0,2.0,4.0,5.0,8.0,19.0,41.0,69.0,95.0,100.0,174.0,265.0,360.0,238.0,131.0,81.0,75.0,42.0,28.0,11.0,7.0,4.0,3.0
0.0,0.0,0.0,1.0,2.0,3.0,3.0,10.0,19.0,41.0,65.0,96.0,115.0,158.0,238.0,355.0,238.0,130.0,98.0,75.0,65.0,28.0,16.0,7.0,5.0
0.0,0.0,0.0,0.0,0.0,1.0,1.0,3.0,7.0,25.0,57.0,70.0,92.0,77.0,131.0,238.0,324.0,202.0,135.0,97.0,93.0,40.0,22.0,15.0,7.0
0.0,0.0,0.0,0.0,0.0,0.0,0.0,1.0,2.0,14.0,24.0,25.0,51.0,64.0,81.0,130.0,202.0,302.0,218.0,159.0,102.0,85.0,52.0,30.0,12.0
0.0,0.0,0.0,0.0,0.0,0.0,0.0,0.0,1.0,8.0,12.0,11.0,28.0,51.0,75.0,98.0,135.0,218.0,296.0,220.0,141.0,97.0,79.0,46.0,17.0
0.0,0.0,0.0,0.0,0.0,0.0,0.0,0.0,0.0,3.0,3.0,2.0,11.0,30.0,42.0,75.0,97.0,159.0,220.0,317.0,236.0,152.0,102.0,83.0,52.0
0.0,0.0,0.0,0.0,0.0,0.0,0.0,0.0,0.0,1.0,1.0,1.0,4.0,18.0,28.0,65.0,93.0,102.0,141.0,236.0,309.0,195.0,123.0,77.0,63.0
0.0,0.0,0.0,0.0,0.0,0.0,0.0,0.0,0.0,0.0,0.0,1.0,2.0,4.0,11.0,28.0,40.0,85.0,97.0,152.0,195.0,288.0,195.0,113.0,65.0
0.0,0.0,0.0,0.0,0.0,0.0,0.0,0.0,0.0,0.0,0.0,1.0,2.0,2.0,7.0,16.0,22.0,52.0,79.0,102.0,123.0,195.0,245.0,147.0,71.0
0.0,0.0,0.0,0.0,0.0,1.0,1.0,1.0,1.0,0.0,0.0,0.0,1.0,1.0,4.0,7.0,15.0,30.0,46.0,83.0,77.0,113.0,147.0,248.0,165.0
0.0,0.0,0.0,0.0,0.0,1.0,1.0,0.0,0.0,0.0,0.0,0.0,1.0,1.0,3.0,5.0,7.0,12.0,17.0,52.0,63.0,65.0,71.0,165.0,240.0
v=chr3:119048964-119050964	h=chr3:186326788-186328788	resolution=80	axis=right-top
0.0,0.0,0.0,0.0,0.0,0.0,0.0,0.0,0.0,0.0,0.0,0.0,0.0,0.0,0.0,0.0,0.0,0.0,0.0,0.0,0.0,0.0,0.0,0.0,0.0
0.0,0.0,0.0,0.0,0.0,0.0,0.0,0.0,0.0,0.0,0.0,0.0,0.0,0.0,0.0,0.0,0.0,0.0,0.0,0.0,0.0,0.0,0.0,0.0,0.0
0.0,0.0,0.0,0.0,0.0,0.0,0.0,0.0,0.0,0.0,0.0,0.0,0.0,0.0,0.0,0.0,0.0,0.0,0.0,0.0,0.0,0.0,0.0,0.0,0.0
0.0,0.0,0.0,0.0,0.0,0.0,0.0,0.0,0.0,0.0,0.0,0.0,0.0,0.0,0.0,0.0,0.0,0.0,0.0,0.0,0.0,0.0,0.0,0.0,0.0
0.0,0.0,0.0,0.0,0.0,0.0,0.0,0.0,0.0,0.0,0.0,0.0,0.0,0.0,0.0,0.0,0.0,0.0,0.0,0.0,0.0,0.0,0.0,0.0,0.0
0.0,0.0,0.0,0.0,0.0,0.0,0.0,0.0,0.0,0.0,0.0,0.0,0.0,0.0,0.0,0.0,0.0,0.0,0.0,0.0,0.0,0.0,0.0,0.0,0.0
0.0,0.0,0.0,0.0,0.0,0.0,0.0,0.0,0.0,0.0,0.0,0.0,0.0,0.0,0.0,0.0,0.0,0.0,0.0,0.0,0.0,0.0,0.0,0.0,0.0
0.0,0.0,0.0,0.0,0.0,0.0,0.0,0.0,0.0,0.0,0.0,0.0,0.0,0.0,0.0,0.0,0.0,0.0,0.0,0.0,0.0,0.0,0.0,0.0,0.0
0.0,0.0,0.0,0.0,0.0,0.0,0.0,0.0,0.0,0.0,0.0,0.0,0.0,0.0,0.0,0.0,0.0,0.0,0.0,0.0,0.0,0.0,0.0,0.0,0.0
0.0,0.0,0.0,0.0,0.0,0.0,0.0,0.0,0.0,0.0,0.0,0.0,0.0,0.0,0.0,0.0,0.0,0.0,0.0,0.0,0.0,0.0,0.0,0.0,0.0
0.0,0.0,0.0,0.0,0.0,0.0,0.0,0.0,0.0,0.0,0.0,0.0,0.0,0.0,0.0,0.0,0.0,0.0,0.0,0.0,0.0,0.0,0.0,0.0,0.0
0.0,0.0,0.0,0.0,0.0,0.0,0.0,0.0,0.0,0.0,0.0,0.0,0.0,0.0,0.0,0.0,0.0,0.0,0.0,0.0,0.0,0.0,0.0,0.0,0.0
0.0,0.0,0.0,0.0,0.0,1.0,5.0,9.0,9.0,10.0,10.0,36.0,32.0,0.0,0.0,0.0,0.0,0.0,0.0,0.0,0.0,0.0,0.0,0.0,0.0
0.0,0.0,0.0,0.0,0.0,1.0,4.0,10.0,11.0,15.0,20.0,43.0,34.0,0.0,0.0,0.0,0.0,0.0,0.0,0.0,0.0,0.0,0.0,0.0,0.0
0.0,0.0,0.0,0.0,0.0,1.0,2.0,6.0,6.0,10.0,18.0,29.0,19.0,0.0,0.0,0.0,0.0,0.0,0.0,0.0,0.0,0.0,0.0,0.0,0.0
0.0,0.0,0.0,0.0,0.0,0.0,1.0,2.0,3.0,4.0,15.0,28.0,19.0,0.0,0.0,0.0,0.0,0.0,0.0,0.0,0.0,0.0,0.0,0.0,0.0
0.0,0.0,0.0,0.0,0.0,0.0,1.0,1.0,1.0,0.0,6.0,17.0,12.0,0.0,0.0,0.0,0.0,0.0,0.0,0.0,0.0,0.0,0.0,0.0,0.0
0.0,0.0,0.0,0.0,0.0,0.0,0.0,0.0,0.0,0.0,3.0,10.0,7.0,0.0,0.0,0.0,0.0,0.0,0.0,0.0,0.0,0.0,0.0,0.0,0.0
0.0,0.0,0.0,0.0,0.0,0.0,0.0,0.0,0.0,0.0,0.0,2.0,2.0,0.0,0.0,0.0,0.0,0.0,0.0,0.0,0.0,0.0,0.0,0.0,0.0
0.0,0.0,0.0,0.0,0.0,0.0,0.0,0.0,0.0,0.0,0.0,1.0,1.0,0.0,0.0,0.0,0.0,0.0,0.0,0.0,0.0,0.0,0.0,0.0,0.0
0.0,0.0,0.0,0.0,0.0,0.0,0.0,0.0,0.0,0.0,0.0,0.0,0.0,0.0,0.0,0.0,0.0,0.0,0.0,0.0,0.0,0.0,0.0,0.0,0.0
0.0,0.0,0.0,0.0,0.0,0.0,0.0,0.0,0.0,0.0,0.0,0.0,0.0,0.0,0.0,0.0,0.0,0.0,0.0,0.0,0.0,0.0,0.0,0.0,0.0
0.0,0.0,0.0,0.0,0.0,0.0,0.0,0.0,0.0,0.0,0.0,0.0,0.0,0.0,0.0,0.0,0.0,0.0,0.0,0.0,0.0,0.0,0.0,0.0,0.0
0.0,0.0,0.0,0.0,0.0,0.0,0.0,0.0,0.0,0.0,0.0,0.0,0.0,0.0,0.0,0.0,0.0,0.0,0.0,0.0,0.0,0.0,0.0,0.0,0.0
0.0,0.0,0.0,0.0,0.0,0.0,0.0,0.0,0.0,0.0,0.0,0.0,0.0,0.0,0.0,0.0,0.0,0.0,0.0,0.0,0.0,0.0,0.0,0.0,0.0
v=chr3:186326788-186328788	h=chr3:119048964-119050964	resolution=80	axis=left-bottom
0.0,0.0,0.0,0.0,0.0,0.0,0.0,0.0,0.0,0.0,0.0,0.0,0.0,0.0,0.0,0.0,0.0,0.0,0.0,0.0,0.0,0.0,0.0,0.0,0.0
0.0,0.0,0.0,0.0,0.0,0.0,0.0,0.0,0.0,0.0,0.0,0.0,0.0,0.0,0.0,0.0,0.0,0.0,0.0,0.0,0.0,0.0,0.0,0.0,0.0
0.0,0.0,0.0,0.0,0.0,0.0,0.0,0.0,0.0,0.0,0.0,0.0,0.0,0.0,0.0,0.0,0.0,0.0,0.0,0.0,0.0,0.0,0.0,0.0,0.0
0.0,0.0,0.0,0.0,0.0,0.0,0.0,0.0,0.0,0.0,0.0,0.0,0.0,0.0,0.0,0.0,0.0,0.0,0.0,0.0,0.0,0.0,0.0,0.0,0.0
0.0,0.0,0.0,0.0,0.0,0.0,0.0,0.0,0.0,0.0,0.0,0.0,0.0,0.0,0.0,0.0,0.0,0.0,0.0,0.0,0.0,0.0,0.0,0.0,0.0
0.0,0.0,0.0,0.0,0.0,0.0,0.0,0.0,0.0,0.0,0.0,0.0,1.0,1.0,1.0,0.0,0.0,0.0,0.0,0.0,0.0,0.0,0.0,0.0,0.0
0.0,0.0,0.0,0.0,0.0,0.0,0.0,0.0,0.0,0.0,0.0,0.0,5.0,4.0,2.0,1.0,1.0,0.0,0.0,0.0,0.0,0.0,0.0,0.0,0.0
0.0,0.0,0.0,0.0,0.0,0.0,0.0,0.0,0.0,0.0,0.0,0.0,9.0,10.0,6.0,2.0,1.0,0.0,0.0,0.0,0.0,0.0,0.0,0.0,0.0
0.0,0.0,0.0,0.0,0.0,0.0,0.0,0.0,0.0,0.0,0.0,0.0,9.0,11.0,6.0,3.0,1.0,0.0,0.0,0.0,0.0,0.0,0.0,0.0,0.0
0.0,0.0,0.0,0.0,0.0,0.0,0.0,0.0,0.0,0.0,0.0,0.0,10.0,15.0,10.0,4.0,0.0,0.0,0.0,0.0,0.0,0.0,0.0,0.0,0.0
0.0,0.0,0.0,0.0,0.0,0.0,0.0,0.0,0.0,0.0,0.0,0.0,10.0,20.0,18.0,15.0,6.0,3.0,0.0,0.0,0.0,0.0,0.0,0.0,0.0
0.0,0.0,0.0,0.0,0.0,0.0,0.0,0.0,0.0,0.0,0.0,0.0,36.0,43.0,29.0,28.0,17.0,10.0,2.0,1.0,0.0,0.0,0.0,0.0,0.0
0.0,0.0,0.0,0.0,0.0,0.0,0.0,0.0,0.0,0.0,0.0,0.0,32.0,34.0,19.0,19.0,12.0,7.0,2.0,1.0,0.0,0.0,0.0,0.0,0.0
0.0,0.0,0.0,0.0,0.0,0.0,0.0,0.0,0.0,0.0,0.0,0.0,0.0,0.0,0.0,0.0,0.0,0.0,0.0,0.0,0.0,0.0,0.0,0.0,0.0
0.0,0.0,0.0,0.0,0.0,0.0,0.0,0.0,0.0,0.0,0.0,0.0,0.0,0.0,0.0,0.0,0.0,0.0,0.0,0.0,0.0,0.0,0.0,0.0,0.0
0.0,0.0,0.0,0.0,0.0,0.0,0.0,0.0,0.0,0.0,0.0,0.0,0.0,0.0,0.0,0.0,0.0,0.0,0.0,0.0,0.0,0.0,0.0,0.0,0.0
0.0,0.0,0.0,0.0,0.0,0.0,0.0,0.0,0.0,0.0,0.0,0.0,0.0,0.0,0.0,0.0,0.0,0.0,0.0,0.0,0.0,0.0,0.0,0.0,0.0
0.0,0.0,0.0,0.0,0.0,0.0,0.0,0.0,0.0,0.0,0.0,0.0,0.0,0.0,0.0,0.0,0.0,0.0,0.0,0.0,0.0,0.0,0.0,0.0,0.0
0.0,0.0,0.0,0.0,0.0,0.0,0.0,0.0,0.0,0.0,0.0,0.0,0.0,0.0,0.0,0.0,0.0,0.0,0.0,0.0,0.0,0.0,0.0,0.0,0.0
0.0,0.0,0.0,0.0,0.0,0.0,0.0,0.0,0.0,0.0,0.0,0.0,0.0,0.0,0.0,0.0,0.0,0.0,0.0,0.0,0.0,0.0,0.0,0.0,0.0
0.0,0.0,0.0,0.0,0.0,0.0,0.0,0.0,0.0,0.0,0.0,0.0,0.0,0.0,0.0,0.0,0.0,0.0,0.0,0.0,0.0,0.0,0.0,0.0,0.0
0.0,0.0,0.0,0.0,0.0,0.0,0.0,0.0,0.0,0.0,0.0,0.0,0.0,0.0,0.0,0.0,0.0,0.0,0.0,0.0,0.0,0.0,0.0,0.0,0.0
0.0,0.0,0.0,0.0,0.0,0.0,0.0,0.0,0.0,0.0,0.0,0.0,0.0,0.0,0.0,0.0,0.0,0.0,0.0,0.0,0.0,0.0,0.0,0.0,0.0
0.0,0.0,0.0,0.0,0.0,0.0,0.0,0.0,0.0,0.0,0.0,0.0,0.0,0.0,0.0,0.0,0.0,0.0,0.0,0.0,0.0,0.0,0.0,0.0,0.0
0.0,0.0,0.0,0.0,0.0,0.0,0.0,0.0,0.0,0.0,0.0,0.0,0.0,0.0,0.0,0.0,0.0,0.0,0.0,0.0,0.0,0.0,0.0,0.0,0.0
v=chr3:186326788-186328788	h=chr3:186326788-186328788	resolution=80	axis=right-bottom
348.0,243.0,158.0,97.0,102.0,78.0,40.0,26.0,15.0,7.0,3.0,1.0,1.0,0.0,0.0,0.0,0.0,0.0,0.0,0.0,0.0,0.0,0.0,0.0,0.0
243.0,331.0,225.0,127.0,100.0,88.0,46.0,28.0,15.0,9.0,3.0,1.0,0.0,0.0,0.0,0.0,0.0,0.0,0.0,0.0,0.0,0.0,0.0,0.0,0.0
158.0,225.0,344.0,225.0,137.0,80.0,61.0,51.0,36.0,23.0,17.0,2.0,0.0,0.0,0.0,0.0,0.0,0.0,0.0,0.0,0.0,0.0,0.0,0.0,0.0
97.0,127.0,225.0,320.0,217.0,127.0,70.0,70.0,61.0,35.0,26.0,5.0,3.0,1.0,0.0,0.0,0.0,0.0,0.0,0.0,0.0,0.0,0.0,0.0,0.0
102.0,100.0,137.0,217.0,356.0,259.0,152.0,104.0,116.0,78.0,45.0,8.0,6.0,2.0,0.0,0.0,0.0,0.0,0.0,0.0,0.0,0.0,0.0,0.0,0.0
78.0,88.0,80.0,127.0,259.0,388.0,274.0,188.0,155.0,136.0,100.0,26.0,16.0,3.0,0.0,0.0,0.0,0.0,0.0,0.0,0.0,0.0,0.0,0.0,0.0
40.0,46.0,61.0,70.0,152.0,274.0,362.0,265.0,195.0,147.0,122.0,53.0,35.0,7.0,2.0,0.0,1.0,1.0,0.0,0.0,0.0,0.0,0.0,0.0,0.0
26.0,28.0,51.0,70.0,104.0,188.0,265.0,354.0,263.0,185.0,128.0,90.0,67.0,16.0,7.0,2.0,2.0,1.0,0.0,0.0,0.0,0.0,0.0,0.0,0.0
15.0,15.0,36.0,61.0,116.0,155.0,195.0,263.0,376.0,270.0,190.0,95.0,90.0,43.0,24.0,8.0,2.0,1.0,0.0,0.0,0.0,0.0,0.0,0.0,0.0
7.0,9.0,23.0,35.0,78.0,136.0,147.0,185.0,270.0,349.0,256.0,120.0,72.0,53.0,42.0,27.0,8.0,2.0,1.0,0.0,0.0,0.0,0.0,0.0,0.0
3.0,3.0,17.0,26.0,45.0,100.0,122.0,128.0,190.0,256.0,351.0,184.0,114.0,54.0,49.0,41.0,13.0,5.0,1.0,0.0,0.0,0.0,0.0,0.0,0.0
1.0,1.0,2.0,5.0,8.0,26.0,53.0,90.0,95.0,120.0,184.0,274.0,196.0,84.0,61.0,64.0,31.0,20.0,10.0,1.0,0.0,0.0,0.0,0.0,0.0
1.0,0.0,0.0,3.0,6.0,16.0,35.0,67.0,90.0,72.0,114.0,196.0,245.0,121.0,78.0,67.0,54.0,46.0,14.0,2.0,1.0,0.0,0.0,0.0,0.0
0.0,0.0,0.0,1.0,2.0,3.0,7.0,16.0,43.0,53.0,54.0,84.0,121.0,173.0,122.0,98.0,61.0,58.0,25.0,5.0,6.0,2.0,1.0,0.0,0.0
0.0,0.0,0.0,0.0,0.0,0.0,2.0,7.0,24.0,42.0,49.0,61.0,78.0,122.0,165.0,132.0,73.0,52.0,31.0,15.0,10.0,5.0,2.0,1.0,0.0
0.0,0.0,0.0,0.0,0.0,0.0,0.0,2.0,8.0,27.0,41.0,64.0,67.0,98.0,132.0,182.0,116.0,84.0,44.0,33.0,27.0,12.0,7.0,5.0,3.0
0.0,0.0,0.0,0.0,0.0,0.0,1.0,2.0,2.0,8.0,13.0,31.0,54.0,61.0,73.0,116.0,146.0,108.0,55.0,34.0,31.0,16.0,10.0,7.0,5.0
0.0,0.0,0.0,0.0,0.0,0.0,1.0,1.0,1.0,2.0,5.0,20.0,46.0,58.0,52.0,84.0,108.0,156.0,92.0,51.0,47.0,38.0,25.0,12.0,7.0
0.0,0.0,0.0,0.0,0.0,0.0,0.0,0.0,0.0,1.0,1.0,10.0,14.0,25.0,31.0,44.0,55.0,92.0,138.0,86.0,57.0,47.0,40.0,28.0,16.0
0.0,0.0,0.0,0.0,0.0,0.0,0.0,0.0,0.0,0.0,0.0,1.0,2.0,5.0,15.0,33.0,34.0,51.0,86.0,176.0,130.0,87.0,64.0,68.0,49.0
0.0,0.0,0.0,0.0,0.0,0.0,0.0,0.0,0.0,0.0,0.0,0.0,1.0,6.0,10.0,27.0,31.0,47.0,57.0,130.0,177.0,122.0,76.0,69.0,58.0
0.0,0.0,0.0,0.0,0.0,0.0,0.0,0.0,0.0,0.0,0.0,0.0,0.0,2.0,5.0,12.0,16.0,38.0,47.0,87.0,122.0,194.0,141.0,117.0,77.0
0.0,0.0,0.0,0.0,0.0,0.0,0.0,0.0,0.0,0.0,0.0,0.0,0.0,1.0,2.0,7.0,10.0,25.0,40.0,64.0,76.0,141.0,195.0,154.0,98.0
0.0,0.0,0.0,0.0,0.0,0.0,0.0,0.0,0.0,0.0,0.0,0.0,0.0,0.0,1.0,5.0,7.0,12.0,28.0,68.0,69.0,117.0,154.0,213.0,153.0
0.0,0.0,0.0,0.0,0.0,0.0,0.0,0.0,0.0,0.0,0.0,0.0,0.0,0.0,0.0,3.0,5.0,7.0,16.0,49.0,58.0,77.0,98.0,153.0,208.0
#sv
chr12	19373868	+	chr5	44529751	+	.	0	0	5255583_1	71.0	.	BX=CTCTGTGGTCGCGGTT-1_1,TGTCTCGGTCCTCCAT-1_1,GGCAATTAGGTAACGC-1_3,ACCTTCGGTACGGTGA-1_1,CCAACTCTCGGGCACT-1_1,TTTGAGGAGGGAACGG-1_1,CCAGGGTTCTATCCAT-1_1,GATTCAGTCAACAGTC-1_1,TCGTAGATCAAGATCC-1_1,TTTGTCATCCTTAATC-1_1,TGCAACATCGGCACCA-1_2,CTGCGAGCATATGCGT-1_1,GAGCCGTGTCGTTGGC-1_1,CAGCCGAAGGACACCA-1_1,GGACTTATCCTCGCAT-1_2,ATCACTTCATGACATC-1_1,GAGCAGATCGACGGAA-1_1,TGGAGCCCAATGGGAC-1_2,GGAAAGCCAGAACAGC-1_1,ATGTGTGAGAGAGAGT-1_1,CTGGTCTGTACTACAC-1_1;EVDNC=ASSMB;HOMSEQ=A;MAPQ=60;MATEID=5255583_2;MATENM=0;NM=0;NUMPARTS=2;SCTG=c_5_44516501_44541501_73C;SPAN=-1;SVTYPE=BND;TOOL=svaba;GENOTYPE=OC001B.bam(GT:0/0 AD:0 DP:24 GQ:6.6 PL:[0.0, 6.6, 72.6] SR:0 DR:0 LR:6.743 LO:0.0),OC001T.bam(GT:0/1 AD:26 DP:52 GQ:58.1 PL:[71.3, 0.0, 58.1] SR:26 DR:0 LR:-71.27 LO:71.27);ALT=]chr12:19373868]a;VARTYPE=BND:TRX-th;JOINTYPE=th
#heatmap	linkage_type=pair_end
v=chr5:44528751-44530751	h=chr5:44528751-44530751	resolution=80	axis=left-top
154.0,121.0,76.0,57.0,42.0,28.0,11.0,6.0,6.0,5.0,4.0,1.0,0.0,0.0,0.0,0.0,0.0,0.0,0.0,0.0,0.0,0.0,0.0,0.0,0.0
121.0,164.0,116.0,72.0,48.0,41.0,23.0,12.0,7.0,6.0,5.0,1.0,0.0,0.0,0.0,0.0,0.0,0.0,0.0,0.0,0.0,0.0,0.0,0.0,0.0
76.0,116.0,158.0,109.0,69.0,53.0,40.0,23.0,11.0,8.0,3.0,1.0,0.0,0.0,0.0,0.0,0.0,0.0,0.0,0.0,0.0,0.0,0.0,0.0,0.0
57.0,72.0,109.0,146.0,98.0,73.0,38.0,29.0,25.0,14.0,6.0,2.0,1.0,0.0,0.0,0.0,0.0,0.0,0.0,0.0,0.0,0.0,0.0,0.0,0.0
42.0,48.0,69.0,98.0,143.0,110.0,62.0,39.0,42.0,26.0,14.0,5.0,1.0,0.0,0.0,0.0,0.0,0.0,0.0,0.0,0.0,0.0,0.0,0.0,0.0
28.0,41.0,53.0,73.0,110.0,167.0,116.0,72.0,59.0,48.0,34.0,20.0,9.0,3.0,2.0,0.0,0.0,0.0,0.0,0.0,0.0,0.0,0.0,0.0,0.0
11.0,23.0,40.0,38.0,62.0,116.0,158.0,108.0,77.0,61.0,51.0,27.0,10.0,6.0,4.0,1.0,0.0,0.0,0.0,0.0,0.0,0.0,0.0,0.0,0.0
6.0,12.0,23.0,29.0,39.0,72.0,108.0,145.0,105.0,75.0,50.0,31.0,18.0,13.0,7.0,3.0,2.0,1.0,0.0,0.0,0.0,0.0,0.0,0.0,0.0
6.0,7.0,11.0,25.0,42.0,59.0,77.0,105.0,154.0,116.0,77.0,36.0,28.0,18.0,11.0,10.0,5.0,4.0,1.0,1.0,0.0,0.0,0.0,0.0,0.0
5.0,6.0,8.0,14.0,26.0,48.0,61.0,75.0,116.0,161.0,117.0,67.0,41.0,35.0,29.0,16.0,9.0,5.0,1.0,1.0,0.0,0.0,0.0,0.0,0.0
4.0,5.0,3.0,6.0,14.0,34.0,51.0,50.0,77.0,117.0,190.0,138.0,86.0,58.0,59.0,47.0,28.0,18.0,7.0,3.0,0.0,0.0,0.0,0.0,0.0
1.0,1.0,1.0,2.0,5.0,20.0,27.0,31.0,36.0,67.0,138.0,193.0,135.0,97.0,64.0,75.0,58.0,36.0,16.0,6.0,0.0,1.0,1.0,1.0,0.0
0.0,0.0,0.0,1.0,1.0,9.0,10.0,18.0,28.0,41.0,86.0,135.0,236.0,182.0,120.0,92.0,89.0,78.0,38.0,21.0,3.0,1.0,1.0,2.0,1.0
0.0,0.0,0.0,0.0,0.0,3.0,6.0,13.0,18.0,35.0,58.0,97.0,182.0,296.0,224.0,163.0,120.0,117.0,79.0,41.0,10.0,4.0,4.0,4.0,2.0
0.0,0.0,0.0,0.0,0.0,2.0,4.0,7.0,11.0,29.0,59.0,64.0,120.0,224.0,298.0,212.0,145.0,117.0,100.0,53.0,25.0,10.0,8.0,4.0,2.0
0.0,0.0,0.0,0.0,0.0,0.0,1.0,3.0,10.0,16.0,47.0,75.0,92.0,163.0,212.0,339.0,252.0,184.0,122.0,92.0,56.0,31.0,21.0,15.0,1.0
0.0,0.0,0.0,0.0,0.0,0.0,0.0,2.0,5.0,9.0,28.0,58.0,89.0,120.0,145.0,252.0,354.0,272.0,167.0,99.0,85.0,48.0,32.0,16.0,0.0
0.0,0.0,0.0,0.0,0.0,0.0,0.0,1.0,4.0,5.0,18.0,36.0,78.0,117.0,117.0,184.0,272.0,365.0,242.0,156.0,93.0,64.0,49.0,26.0,9.0
0.0,0.0,0.0,0.0,0.0,0.0,0.0,0.0,1.0,1.0,7.0,16.0,38.0,79.0,100.0,122.0,167.0,242.0,317.0,215.0,118.0,62.0,68.0,46.0,24.0
0.0,0.0,0.0,0.0,0.0,0.0,0.0,0.0,1.0,1.0,3.0,6.0,21.0,41.0,53.0,92.0,99.0,156.0,215.0,314.0,202.0,126.0,102.0,91.0,62.0
0.0,0.0,0.0,0.0,0.0,0.0,0.0,0.0,0.0,0.0,0.0,0.0,3.0,10.0,25.0,56.0,85.0,93.0,118.0,202.0,320.0,227.0,167.0,117.0,101.0
0.0,0.0,0.0,0.0,0.0,0.0,0.0,0.0,0.0,0.0,0.0,1.0,1.0,4.0,10.0,31.0,48.0,64.0,62.0,126.0,227.0,317.0,244.0,168.0,128.0
0.0,0.0,0.0,0.0,0.0,0.0,0.0,0.0,0.0,0.0,0.0,1.0,1.0,4.0,8.0,21.0,32.0,49.0,68.0,102.0,167.0,244.0,313.0,224.0,151.0
0.0,0.0,0.0,0.0,0.0,0.0,0.0,0.0,0.0,0.0,0.0,1.0,2.0,4.0,4.0,15.0,16.0,26.0,46.0,91.0,117.0,168.0,224.0,291.0,202.0
0.0,0.0,0.0,0.0,0.0,0.0,0.0,0.0,0.0,0.0,0.0,0.0,1.0,2.0,2.0,1.0,0.0,9.0,24.0,62.0,101.0,128.0,151.0,202.0,306.0
v=chr5:44528751-44530751	h=chr12:19372868-19374868	resolution=80	axis=right-top
0.0,0.0,0.0,0.0,0.0,0.0,0.0,0.0,0.0,0.0,0.0,0.0,0.0,0.0,0.0,0.0,0.0,0.0,0.0,0.0,0.0,0.0,0.0,0.0,0.0
0.0,0.0,0.0,0.0,0.0,0.0,0.0,0.0,0.0,0.0,0.0,0.0,0.0,0.0,0.0,0.0,0.0,0.0,0.0,0.0,0.0,0.0,0.0,0.0,0.0
0.0,0.0,0.0,0.0,0.0,0.0,0.0,0.0,0.0,0.0,0.0,0.0,0.0,0.0,0.0,0.0,0.0,0.0,0.0,0.0,0.0,0.0,0.0,0.0,0.0
0.0,0.0,0.0,0.0,0.0,0.0,0.0,0.0,0.0,0.0,0.0,0.0,0.0,0.0,0.0,0.0,0.0,0.0,0.0,0.0,0.0,0.0,0.0,0.0,0.0
0.0,0.0,0.0,0.0,0.0,0.0,0.0,0.0,0.0,0.0,0.0,0.0,0.0,0.0,0.0,0.0,0.0,0.0,0.0,0.0,0.0,0.0,0.0,0.0,0.0
0.0,0.0,0.0,0.0,0.0,0.0,0.0,0.0,0.0,0.0,0.0,0.0,0.0,0.0,0.0,0.0,0.0,0.0,0.0,0.0,0.0,0.0,0.0,0.0,0.0
0.0,0.0,0.0,0.0,0.0,0.0,0.0,0.0,0.0,0.0,0.0,0.0,0.0,0.0,0.0,0.0,0.0,0.0,0.0,0.0,0.0,0.0,0.0,0.0,0.0
0.0,0.0,0.0,0.0,0.0,0.0,0.0,0.0,0.0,0.0,0.0,0.0,0.0,0.0,0.0,0.0,0.0,0.0,0.0,0.0,0.0,0.0,0.0,0.0,0.0
0.0,0.0,0.0,0.0,0.0,0.0,0.0,0.0,0.0,0.0,0.0,0.0,0.0,0.0,0.0,0.0,0.0,0.0,0.0,0.0,0.0,0.0,0.0,0.0,0.0
0.0,0.0,0.0,0.0,0.0,0.0,0.0,0.0,0.0,0.0,0.0,0.0,0.0,0.0,0.0,0.0,0.0,0.0,0.0,0.0,0.0,0.0,0.0,0.0,0.0
0.0,0.0,0.0,0.0,0.0,0.0,0.0,0.0,0.0,0.0,0.0,0.0,0.0,0.0,0.0,0.0,0.0,0.0,0.0,0.0,0.0,0.0,0.0,0.0,0.0
0.0,0.0,0.0,0.0,0.0,0.0,0.0,0.0,0.0,0.0,0.0,0.0,0.0,0.0,0.0,0.0,0.0,0.0,0.0,0.0,0.0,0.0,0.0,0.0,0.0
0.0,0.0,0.0,0.0,0.0,0.0,0.0,0.0,0.0,9.0,11.0,19.0,15.0,0.0,0.0,0.0,0.0,0.0,0.0,0.0,0.0,0.0,0.0,0.0,0.0
0.0,0.0,0.0,0.0,0.0,0.0,0.0,0.0,0.0,9.0,16.0,20.0,16.0,0.0,0.0,0.0,0.0,0.0,0.0,0.0,0.0,0.0,0.0,0.0,0.0
0.0,0.0,0.0,0.0,0.0,0.0,0.0,0.0,0.0,9.0,17.0,15.0,11.0,0.0,0.0,0.0,0.0,0.0,0.0,0.0,0.0,0.0,0.0,0.0,0.0
0.0,0.0,0.0,0.0,0.0,0.0,0.0,0.0,0.0,0.0,7.0,13.0,13.0,0.0,0.0,0.0,0.0,0.0,0.0,0.0,0.0,0.0,0.0,0.0,0.0
0.0,0.0,0.0,0.0,0.0,0.0,0.0,0.0,0.0,1.0,6.0,10.0,7.0,0.0,0.0,0.0,0.0,0.0,0.0,0.0,0.0,0.0,0.0,0.0,0.0
0.0,0.0,0.0,0.0,0.0,0.0,0.0,0.0,0.0,1.0,6.0,13.0,10.0,0.0,0.0,0.0,0.0,0.0,0.0,0.0,0.0,0.0,0.0,0.0,0.0
0.0,0.0,0.0,0.0,0.0,0.0,0.0,0.0,0.0,0.0,4.0,7.0,5.0,0.0,0.0,0.0,0.0,0.0,0.0,0.0,0.0,0.0,0.0,0.0,0.0
0.0,0.0,0.0,0.0,0.0,0.0,0.0,0.0,0.0,0.0,0.0,5.0,5.0,0.0,0.0,0.0,0.0,0.0,0.0,0.0,0.0,0.0,0.0,0.0,0.0
0.0,0.0,0.0,0.0,0.0,0.0,0.0,0.0,0.0,0.0,0.0,2.0,2.0,0.0,0.0,0.0,0.0,0.0,0.0,0.0,0.0,0.0,0.0,0.0,0.0
0.0,0.0,0.0,0.0,0.0,0.0,0.0,0.0,0.0,0.0,0.0,0.0,0.0,0.0,0.0,0.0,0.0,0.0,0.0,0.0,0.0,0.0,0.0,0.0,0.0
0.0,0.0,0.0,0.0,0.0,0.0,0.0,0.0,0.0,0.0,0.0,0.0,0.0,0.0,0.0,0.0,0.0,0.0,0.0,0.0,0.0,0.0,0.0,0.0,0.0
0.0,0.0,0.0,0.0,0.0,0.0,0.0,0.0,0.0,0.0,0.0,0.0,0.0,0.0,0.0,0.0,0.0,0.0,0.0,0.0,0.0,0.0,0.0,0.0,0.0
0.0,0.0,0.0,0.0,0.0,0.0,0.0,0.0,0.0,0.0,0.0,0.0,0.0,0.0,0.0,0.0,0.0,0.0,0.0,0.0,0.0,0.0,0.0,0.0,0.0
v=chr12:19372868-19374868	h=chr5:44528751-44530751	resolution=80	axis=left-bottom
0.0,0.0,0.0,0.0,0.0,0.0,0.0,0.0,0.0,0.0,0.0,0.0,0.0,0.0,0.0,0.0,0.0,0.0,0.0,0.0,0.0,0.0,0.0,0.0,0.0
0.0,0.0,0.0,0.0,0.0,0.0,0.0,0.0,0.0,0.0,0.0,0.0,0.0,0.0,0.0,0.0,0.0,0.0,0.0,0.0,0.0,0.0,0.0,0.0,0.0
0.0,0.0,0.0,0.0,0.0,0.0,0.0,0.0,0.0,0.0,0.0,0.0,0.0,0.0,0.0,0.0,0.0,0.0,0.0,0.0,0.0,0.0,0.0,0.0,0.0
0.0,0.0,0.0,0.0,0.0,0.0,0.0,0.0,0.0,0.0,0.0,0.0,0.0,0.0,0.0,0.0,0.0,0.0,0.0,0.0,0.0,0.0,0.0,0.0,0.0
0.0,0.0,0.0,0.0,0.0,0.0,0.0,0.0,0.0,0.0,0.0,0.0,0.0,0.0,0.0,0.0,0.0,0.0,0.0,0.0,0.0,0.0,0.0,0.0,0.0
0.0,0.0,0.0,0.0,0.0,0.0,0.0,0.0,0.0,0.0,0.0,0.0,0.0,0.0,0.0,0.0,0.0,0.0,0.0,0.0,0.0,0.0,0.0,0.0,0.0
0.0,0.0,0.0,0.0,0.0,0.0,0.0,0.0,0.0,0.0,0.0,0.0,0.0,0.0,0.0,0.0,0.0,0.0,0.0,0.0,0.0,0.0,0.0,0.0,0.0
0.0,0.0,0.0,0.0,0.0,0.0,0.0,0.0,0.0,0.0,0.0,0.0,0.0,0.0,0.0,0.0,0.0,0.0,0.0,0.0,0.0,0.0,0.0,0.0,0.0
0.0,0.0,0.0,0.0,0.0,0.0,0.0,0.0,0.0,0.0,0.0,0.0,0.0,0.0,0.0,0.0,0.0,0.0,0.0,0.0,0.0,0.0,0.0,0.0,0.0
0.0,0.0,0.0,0.0,0.0,0.0,0.0,0.0,0.0,0.0,0.0,0.0,9.0,9.0,9.0,0.0,1.0,1.0,0.0,0.0,0.0,0.0,0.0,0.0,0.0
0.0,0.0,0.0,0.0,0.0,0.0,0.0,0.0,0.0,0.0,0.0,0.0,11.0,16.0,17.0,7.0,6.0,6.0,4.0,0.0,0.0,0.0,0.0,0.0,0.0
0.0,0.0,0.0,0.0,0.0,0.0,0.0,0.0,0.0,0.0,0.0,0.0,19.0,20.0,15.0,13.0,10.0,13.0,7.0,5.0,2.0,0.0,0.0,0.0,0.0
0.0,0.0,0.0,0.0,0.0,0.0,0.0,0.0,0.0,0.0,0.0,0.0,15.0,16.0,11.0,13.0,7.0,10.0,5.0,5.0,2.0,0.0,0.0,0.0,0.0
0.0,0.0,0.0,0.0,0.0,0.0,0.0,0.0,0.0,0.0,0.0,0.0,0.0,0.0,0.0,0.0,0.0,0.0,0.0,0.0,0.0,0.0,0.0,0.0,0.0
0.0,0.0,0.0,0.0,0.0,0.0,0.0,0.0,0.0,0.0,0.0,0.0,0.0,0.0,0.0,0.0,0.0,0.0,0.0,0.0,0.0,0.0,0.0,0.0,0.0
0.0,0.0,0.0,0.0,0.0,0.0,0.0,0.0,0.0,0.0,0.0,0.0,0.0,0.0,0.0,0.0,0.0,0.0,0.0,0.0,0.0,0.0,0.0,0.0,0.0
0.0,0.0,0.0,0.0,0.0,0.0,0.0,0.0,0.0,0.0,0.0,0.0,0.0,0.0,0.0,0.0,0.0,0.0,0.0,0.0,0.0,0.0,0.0,0.0,0.0
0.0,0.0,0.0,0.0,0.0,0.0,0.0,0.0,0.0,0.0,0.0,0.0,0.0,0.0,0.0,0.0,0.0,0.0,0.0,0.0,0.0,0.0,0.0,0.0,0.0
0.0,0.0,0.0,0.0,0.0,0.0,0.0,0.0,0.0,0.0,0.0,0.0,0.0,0.0,0.0,0.0,0.0,0.0,0.0,0.0,0.0,0.0,0.0,0.0,0.0
0.0,0.0,0.0,0.0,0.0,0.0,0.0,0.0,0.0,0.0,0.0,0.0,0.0,0.0,0.0,0.0,0.0,0.0,0.0,0.0,0.0,0.0,0.0,0.0,0.0
0.0,0.0,0.0,0.0,0.0,0.0,0.0,0.0,0.0,0.0,0.0,0.0,0.0,0.0,0.0,0.0,0.0,0.0,0.0,0.0,0.0,0.0,0.0,0.0,0.0
0.0,0.0,0.0,0.0,0.0,0.0,0.0,0.0,0.0,0.0,0.0,0.0,0.0,0.0,0.0,0.0,0.0,0.0,0.0,0.0,0.0,0.0,0.0,0.0,0.0
0.0,0.0,0.0,0.0,0.0,0.0,0.0,0.0,0.0,0.0,0.0,0.0,0.0,0.0,0.0,0.0,0.0,0.0,0.0,0.0,0.0,0.0,0.0,0.0,0.0
0.0,0.0,0.0,0.0,0.0,0.0,0.0,0.0,0.0,0.0,0.0,0.0,0.0,0.0,0.0,0.0,0.0,0.0,0.0,0.0,0.0,0.0,0.0,0.0,0.0
0.0,0.0,0.0,0.0,0.0,0.0,0.0,0.0,0.0,0.0,0.0,0.0,0.0,0.0,0.0,0.0,0.0,0.0,0.0,0.0,0.0,0.0,0.0,0.0,0.0
v=chr12:19372868-19374868	h=chr12:19372868-19374868	resolution=80	axis=right-bottom
212.0,160.0,95.0,57.0,35.0,22.0,12.0,13.0,5.0,5.0,1.0,1.0,0.0,0.0,0.0,0.0,0.0,0.0,0.0,0.0,0.0,0.0,0.0,0.0,0.0
160.0,235.0,163.0,72.0,51.0,49.0,37.0,23.0,10.0,8.0,2.0,1.0,0.0,0.0,0.0,0.0,0.0,0.0,0.0,0.0,0.0,0.0,0.0,0.0,0.0
95.0,163.0,259.0,157.0,109.0,84.0,83.0,64.0,26.0,16.0,7.0,2.0,0.0,0.0,0.0,0.0,0.0,0.0,0.0,0.0,0.0,0.0,0.0,0.0,0.0
57.0,72.0,157.0,226.0,157.0,102.0,72.0,73.0,48.0,31.0,12.0,5.0,1.0,2.0,1.0,1.0,0.0,0.0,0.0,0.0,0.0,0.0,0.0,0.0,0.0
35.0,51.0,109.0,157.0,223.0,154.0,100.0,75.0,62.0,48.0,23.0,8.0,1.0,2.0,1.0,1.0,0.0,0.0,0.0,0.0,0.0,0.0,0.0,0.0,0.0
22.0,49.0,84.0,102.0,154.0,217.0,155.0,107.0,61.0,58.0,38.0,19.0,1.0,2.0,2.0,2.0,0.0,0.0,0.0,0.0,0.0,0.0,0.0,0.0,0.0
12.0,37.0,83.0,72.0,100.0,155.0,210.0,146.0,78.0,55.0,51.0,33.0,11.0,8.0,3.0,2.0,0.0,0.0,0.0,0.0,0.0,0.0,0.0,0.0,0.0
13.0,23.0,64.0,73.0,75.0,107.0,146.0,211.0,131.0,91.0,61.0,46.0,20.0,12.0,9.0,6.0,3.0,1.0,1.0,1.0,0.0,0.0,0.0,0.0,0.0
5.0,10.0,26.0,48.0,62.0,61.0,78.0,131.0,196.0,146.0,96.0,44.0,36.0,22.0,18.0,9.0,7.0,4.0,1.0,1.0,0.0,1.0,1.0,1.0,0.0
5.0,8.0,16.0,31.0,48.0,58.0,55.0,91.0,146.0,256.0,199.0,107.0,59.0,42.0,42.0,21.0,15.0,9.0,4.0,1.0,0.0,1.0,1.0,1.0,0.0
1.0,2.0,7.0,12.0,23.0,38.0,51.0,61.0,96.0,199.0,285.0,188.0,109.0,70.0,73.0,40.0,26.0,16.0,4.0,0.0,0.0,1.0,1.0,1.0,0.0
1.0,1.0,2.0,5.0,8.0,19.0,33.0,46.0,44.0,107.0,188.0,245.0,150.0,76.0,61.0,45.0,43.0,30.0,12.0,1.0,0.0,0.0,0.0,0.0,0.0
0.0,0.0,0.0,1.0,1.0,1.0,11.0,20.0,36.0,59.0,109.0,150.0,194.0,109.0,75.0,43.0,45.0,38.0,11.0,4.0,2.0,1.0,1.0,1.0,0.0
0.0,0.0,0.0,2.0,2.0,2.0,8.0,12.0,22.0,42.0,70.0,76.0,109.0,192.0,153.0,98.0,61.0,64.0,33.0,22.0,13.0,6.0,5.0,2.0,0.0
0.0,0.0,0.0,1.0,1.0,2.0,3.0,9.0,18.0,42.0,73.0,61.0,75.0,153.0,196.0,130.0,77.0,62.0,48.0,32.0,19.0,13.0,8.0,3.0,0.0
0.0,0.0,0.0,1.0,1.0,2.0,2.0,6.0,9.0,21.0,40.0,45.0,43.0,98.0,130.0,177.0,113.0,86.0,48.0,40.0,28.0,21.0,11.0,4.0,1.0
0.0,0.0,0.0,0.0,0.0,0.0,0.0,3.0,7.0,15.0,26.0,43.0,45.0,61.0,77.0,113.0,179.0,141.0,77.0,41.0,47.0,37.0,14.0,5.0,3.0
0.0,0.0,0.0,0.0,0.0,0.0,0.0,1.0,4.0,9.0,16.0,30.0,38.0,64.0,62.0,86.0,141.0,205.0,137.0,84.0,63.0,62.0,36.0,18.0,8.0
0.0,0.0,0.0,0.0,0.0,0.0,0.0,1.0,1.0,4.0,4.0,12.0,11.0,33.0,48.0,48.0,77.0,137.0,198.0,139.0,106.0,77.0,65.0,46.0,21.0
0.0,0.0,0.0,0.0,0.0,0.0,0.0,1.0,1.0,1.0,0.0,1.0,4.0,22.0,32.0,40.0,41.0,84.0,139.0,200.0,151.0,108.0,79.0,71.0,35.0
0.0,0.0,0.0,0.0,0.0,0.0,0.0,0.0,0.0,0.0,0.0,0.0,2.0,13.0,19.0,28.0,47.0,63.0,106.0,151.0,215.0,159.0,112.0,84.0,59.0
0.0,0.0,0.0,0.0,0.0,0.0,0.0,0.0,1.0,1.0,1.0,0.0,1.0,6.0,13.0,21.0,37.0,62.0,77.0,108.0,159.0,218.0,151.0,110.0,57.0
0.0,0.0,0.0,0.0,0.0,0.0,0.0,0.0,1.0,1.0,1.0,0.0,1.0,5.0,8.0,11.0,14.0,36.0,65.0,79.0,112.0,151.0,212.0,161.0,97.0
0.0,0.0,0.0,0.0,0.0,0.0,0.0,0.0,1.0,1.0,1.0,0.0,1.0,2.0,3.0,4.0,5.0,18.0,46.0,71.0,84.0,110.0,161.0,209.0,137.0
0.0,0.0,0.0,0.0,0.0,0.0,0.0,0.0,0.0,0.0,0.0,0.0,0.0,0.0,0.0,1.0,3.0,8.0,21.0,35.0,59.0,57.0,97.0,137.0,195.0
#sv
chr5	44532859	+	chr12	19373619	+	.	0	0	10751927_1	79.0	.	BX=TGCAACATCGGCACCA-1_1,CATCAAGTCCAAACTG-1_1,CGTCCATTCTAATGGC-1_1,GAAGTCTAGGCAGTCA-1_2,CTACCTGCATGTAAGA-1_1,TCGTAGATCAAGATCC-1_1,GGACTTATCCTCGCAT-1_2,TCGACGGAGGGTGAAA-1_1,CGATAACGTCCAGTAT-1_1,TGTAGTGGTAGGGATC-1_1,CGACTCTCAAGCCATT-1_2,ACCACCTAGAACTCCT-1_1,GGAAAGCCAGAACAGC-1_1,CGCTATCCAAGAAAGG-1_1,TTTGAGGAGGGAACGG-1_1,CTGGTCTGTACTACAC-1_1,GATTCAGTCAACAGTC-1_1,TCGGAATTCTGCTGTC-1_1,AGCGGTCAGGCTAGCA-1_1,AGGAAGCCAGAACAGC-1_1,CCAACTCTCGGGCACT-1_1,CATCGTCGTCACCAGC-1_2,AAGCTACGTTTCCTGC-1_1,CTGCGAGCATATGCGT-1_1;EVDNC=ASSMB;HOMSEQ=TATT;MAPQ=60;MATEID=10751927_2;MATENM=0;NM=0;NUMPARTS=2;SCTG=c_12_19355001_19380001_17C;SPAN=-1;SVTYPE=BND;TOOL=svaba;GENOTYPE=OC001B.bam(GT:0/0 AD:0 DP:35 GQ:9.6 PL:[0.0, 9.6, 105.6] SR:0 DR:0 LR:9.834 LO:0.0),OC001T.bam(GT:0/1 AD:29 DP:57 GQ:63.2 PL:[79.7, 0.0, 63.2] SR:29 DR:0 LR:-79.81 LO:79.81);ALT=T[chr12:19373619[;VARTYPE=BND:TRX-ht;JOINTYPE=ht
#heatmap	linkage_type=pair_end
v=chr5:44531859-44533859	h=chr5:44531859-44533859	resolution=80	axis=left-top
180.0,123.0,93.0,47.0,43.0,37.0,18.0,14.0,12.0,5.0,2.0,0.0,0.0,0.0,0.0,0.0,0.0,0.0,0.0,0.0,0.0,0.0,0.0,0.0,0.0
123.0,184.0,143.0,78.0,48.0,60.0,44.0,30.0,18.0,3.0,0.0,0.0,0.0,0.0,0.0,0.0,0.0,0.0,0.0,0.0,0.0,0.0,0.0,0.0,0.0
93.0,143.0,206.0,130.0,82.0,60.0,60.0,56.0,40.0,12.0,5.0,4.0,3.0,0.0,0.0,0.0,0.0,0.0,0.0,0.0,0.0,0.0,0.0,0.0,0.0
47.0,78.0,130.0,211.0,159.0,111.0,67.0,83.0,62.0,36.0,15.0,8.0,4.0,0.0,0.0,0.0,0.0,0.0,0.0,0.0,0.0,0.0,0.0,0.0,0.0
43.0,48.0,82.0,159.0,228.0,171.0,90.0,87.0,80.0,69.0,38.0,19.0,7.0,1.0,0.0,0.0,0.0,0.0,0.0,0.0,0.0,0.0,0.0,0.0,0.0
37.0,60.0,60.0,111.0,171.0,256.0,164.0,119.0,77.0,87.0,69.0,40.0,16.0,1.0,0.0,0.0,0.0,0.0,0.0,0.0,0.0,0.0,0.0,0.0,0.0
18.0,44.0,60.0,67.0,90.0,164.0,245.0,183.0,120.0,79.0,84.0,54.0,27.0,10.0,6.0,3.0,1.0,1.0,0.0,0.0,0.0,0.0,0.0,0.0,0.0
14.0,30.0,56.0,83.0,87.0,119.0,183.0,271.0,192.0,121.0,83.0,72.0,48.0,13.0,7.0,3.0,1.0,1.0,0.0,0.0,0.0,1.0,1.0,0.0,0.0
12.0,18.0,40.0,62.0,80.0,77.0,120.0,192.0,284.0,200.0,129.0,79.0,72.0,29.0,20.0,9.0,5.0,4.0,1.0,0.0,0.0,1.0,1.0,0.0,0.0
5.0,3.0,12.0,36.0,69.0,87.0,79.0,121.0,200.0,309.0,228.0,143.0,83.0,54.0,48.0,27.0,16.0,8.0,5.0,2.0,2.0,1.0,1.0,0.0,0.0
2.0,0.0,5.0,15.0,38.0,69.0,84.0,83.0,129.0,228.0,298.0,199.0,114.0,68.0,69.0,39.0,20.0,12.0,4.0,1.0,1.0,1.0,1.0,0.0,0.0
0.0,0.0,4.0,8.0,19.0,40.0,54.0,72.0,79.0,143.0,199.0,269.0,175.0,81.0,71.0,47.0,28.0,11.0,2.0,1.0,1.0,2.0,2.0,0.0,0.0
0.0,0.0,3.0,4.0,7.0,16.0,27.0,48.0,72.0,83.0,114.0,175.0,219.0,111.0,84.0,35.0,35.0,22.0,11.0,3.0,3.0,2.0,1.0,0.0,0.0
0.0,0.0,0.0,0.0,1.0,1.0,10.0,13.0,29.0,54.0,68.0,81.0,111.0,159.0,125.0,55.0,46.0,34.0,26.0,12.0,7.0,2.0,0.0,0.0,0.0
0.0,0.0,0.0,0.0,0.0,0.0,6.0,7.0,20.0,48.0,69.0,71.0,84.0,125.0,175.0,104.0,63.0,40.0,41.0,26.0,13.0,6.0,1.0,0.0,0.0
0.0,0.0,0.0,0.0,0.0,0.0,3.0,3.0,9.0,27.0,39.0,47.0,35.0,55.0,104.0,151.0,96.0,60.0,46.0,48.0,28.0,13.0,5.0,3.0,1.0
0.0,0.0,0.0,0.0,0.0,0.0,1.0,1.0,5.0,16.0,20.0,28.0,35.0,46.0,63.0,96.0,168.0,125.0,83.0,59.0,51.0,35.0,17.0,12.0,3.0
0.0,0.0,0.0,0.0,0.0,0.0,1.0,1.0,4.0,8.0,12.0,11.0,22.0,34.0,40.0,60.0,125.0,172.0,122.0,80.0,51.0,54.0,36.0,29.0,10.0
0.0,0.0,0.0,0.0,0.0,0.0,0.0,0.0,1.0,5.0,4.0,2.0,11.0,26.0,41.0,46.0,83.0,122.0,173.0,124.0,80.0,68.0,53.0,39.0,11.0
0.0,0.0,0.0,0.0,0.0,0.0,0.0,0.0,0.0,2.0,1.0,1.0,3.0,12.0,26.0,48.0,59.0,80.0,124.0,178.0,128.0,94.0,55.0,55.0,34.0
0.0,0.0,0.0,0.0,0.0,0.0,0.0,0.0,0.0,2.0,1.0,1.0,3.0,7.0,13.0,28.0,51.0,51.0,80.0,128.0,173.0,126.0,76.0,62.0,52.0
0.0,0.0,0.0,0.0,0.0,0.0,0.0,1.0,1.0,1.0,1.0,2.0,2.0,2.0,6.0,13.0,35.0,54.0,68.0,94.0,126.0,219.0,168.0,119.0,76.0
0.0,0.0,0.0,0.0,0.0,0.0,0.0,1.0,1.0,1.0,1.0,2.0,1.0,0.0,1.0,5.0,17.0,36.0,53.0,55.0,76.0,168.0,223.0,159.0,91.0
0.0,0.0,0.0,0.0,0.0,0.0,0.0,0.0,0.0,0.0,0.0,0.0,0.0,0.0,0.0,3.0,12.0,29.0,39.0,55.0,62.0,119.0,159.0,233.0,159.0
0.0,0.0,0.0,0.0,0.0,0.0,0.0,0.0,0.0,0.0,0.0,0.0,0.0,0.0,0.0,1.0,3.0,10.0,11.0,34.0,52.0,76.0,91.0,159.0,220.0
v=chr5:44531859-44533859	h=chr12:19372619-19374619	resolution=80	axis=right-top
0.0,0.0,0.0,0.0,0.0,0.0,0.0,0.0,0.0,0.0,0.0,0.0,0.0,0.0,0.0,0.0,0.0,0.0,0.0,0.0,0.0,0.0,0.0,0.0,0.0
0.0,0.0,0.0,0.0,0.0,0.0,0.0,0.0,0.0,0.0,0.0,0.0,0.0,0.0,0.0,0.0,0.0,0.0,0.0,0.0,0.0,0.0,0.0,0.0,0.0
0.0,0.0,0.0,0.0,0.0,0.0,0.0,0.0,0.0,0.0,0.0,0.0,0.0,0.0,0.0,0.0,0.0,0.0,0.0,0.0,0.0,0.0,0.0,0.0,0.0
0.0,0.0,0.0,0.0,0.0,0.0,0.0,0.0,0.0,0.0,0.0,0.0,1.0,1.0,0.0,0.0,0.0,0.0,0.0,0.0,0.0,0.0,0.0,0.0,0.0
0.0,0.0,0.0,0.0,0.0,0.0,0.0,0.0,0.0,0.0,0.0,0.0,1.0,1.0,0.0,0.0,0.0,0.0,0.0,0.0,0.0,0.0,0.0,0.0,0.0
0.0,0.0,0.0,0.0,0.0,0.0,0.0,0.0,0.0,0.0,0.0,0.0,3.0,4.0,1.0,0.0,0.0,0.0,0.0,0.0,0.0,0.0,0.0,0.0,0.0
0.0,0.0,0.0,0.0,0.0,0.0,0.0,0.0,0.0,0.0,0.0,0.0,5.0,6.0,1.0,0.0,0.0,0.0,0.0,0.0,0.0,0.0,0.0,0.0,0.0
0.0,0.0,0.0,0.0,0.0,0.0,0.0,0.0,0.0,0.0,0.0,0.0,8.0,9.0,1.0,1.0,0.0,0.0,0.0,0.0,0.0,0.0,0.0,0.0,0.0
0.0,0.0,0.0,0.0,0.0,0.0,0.0,0.0,0.0,0.0,0.0,0.0,15.0,16.0,4.0,1.0,0.0,0.0,0.0,0.0,0.0,0.0,0.0,0.0,0.0
0.0,0.0,0.0,0.0,0.0,0.0,0.0,0.0,0.0,0.0,0.0,0.0,15.0,17.0,11.0,4.0,0.0,0.0,0.0,0.0,0.0,0.0,0.0,0.0,0.0
0.0,0.0,0.0,0.0,0.0,0.0,0.0,0.0,0.0,0.0,0.0,0.0,16.0,18.0,17.0,7.0,0.0,0.0,0.0,0.0,0.0,0.0,0.0,0.0,0.0
0.0,0.0,0.0,0.0,0.0,0.0,0.0,0.0,0.0,0.0,0.0,0.0,32.0,34.0,21.0,11.0,0.0,0.0,0.0,0.0,0.0,0.0,0.0,0.0,0.0
0.0,0.0,0.0,0.0,0.0,0.0,0.0,0.0,0.0,0.0,0.0,0.0,30.0,31.0,12.0,6.0,0.0,0.0,0.0,0.0,0.0,0.0,0.0,0.0,0.0
0.0,0.0,0.0,0.0,0.0,0.0,0.0,0.0,0.0,0.0,0.0,0.0,0.0,0.0,0.0,0.0,0.0,0.0,0.0,0.0,0.0,0.0,0.0,0.0,0.0
0.0,0.0,0.0,0.0,0.0,0.0,0.0,0.0,0.0,0.0,0.0,0.0,0.0,0.0,0.0,0.0,0.0,0.0,0.0,0.0,0.0,0.0,0.0,0.0,0.0
0.0,0.0,0.0,0.0,0.0,0.0,0.0,0.0,0.0,0.0,0.0,0.0,0.0,0.0,0.0,0.0,0.0,0.0,0.0,0.0,0.0,0.0,0.0,0.0,0.0
0.0,0.0,0.0,0.0,0.0,0.0,0.0,0.0,0.0,0.0,0.0,0.0,0.0,0.0,0.0,0.0,0.0,0.0,0.0,0.0,0.0,0.0,0.0,0.0,0.0
0.0,0.0,0.0,0.0,0.0,0.0,0.0,0.0,0.0,0.0,0.0,0.0,0.0,0.0,0.0,0.0,0.0,0.0,0.0,0.0,0.0,0.0,0.0,0.0,0.0
0.0,0.0,0.0,0.0,0.0,0.0,0.0,0.0,0.0,0.0,0.0,0.0,0.0,0.0,0.0,0.0,0.0,0.0,0.0,0.0,0.0,0.0,0.0,0.0,0.0
0.0,0.0,0.0,0.0,0.0,0.0,0.0,0.0,0.0,0.0,0.0,0.0,0.0,0.0,0.0,0.0,0.0,0.0,0.0,0.0,0.0,0.0,0.0,0.0,0.0
0.0,0.0,0.0,0.0,0.0,0.0,0.0,0.0,0.0,0.0,0.0,0.0,0.0,0.0,0.0,0.0,0.0,0.0,0.0,0.0,0.0,0.0,0.0,0.0,0.0
0.0,0.0,0.0,0.0,0.0,0.0,0.0,0.0,0.0,0.0,0.0,0.0,0.0,0.0,0.0,0.0,0.0,0.0,0.0,0.0,0.0,0.0,0.0,0.0,0.0
0.0,0.0,0.0,0.0,0.0,0.0,0.0,0.0,0.0,0.0,0.0,0.0,0.0,0.0,0.0,0.0,0.0,0.0,0.0,0.0,0.0,0.0,0.0,0.0,0.0
0.0,0.0,0.0,0.0,0.0,0.0,0.0,0.0,0.0,0.0,0.0,0.0,0.0,0.0,0.0,0.0,0.0,0.0,0.0,0.0,0.0,0.0,0.0,0.0,0.0
0.0,0.0,0.0,0.0,0.0,0.0,0.0,0.0,0.0,0.0,0.0,0.0,0.0,0.0,0.0,0.0,0.0,0.0,0.0,0.0,0.0,0.0,0.0,0.0,0.0
v=chr12:19372619-19374619	h=chr5:44531859-44533859	resolution=80	axis=left-bottom
0.0,0.0,0.0,0.0,0.0,0.0,0.0,0.0,0.0,0.0,0.0,0.0,0.0,0.0,0.0,0.0,0.0,0.0,0.0,0.0,0.0,0.0,0.0,0.0,0.0
0.0,0.0,0.0,0.0,0.0,0.0,0.0,0.0,0.0,0.0,0.0,0.0,0.0,0.0,0.0,0.0,0.0,0.0,0.0,0.0,0.0,0.0,0.0,0.0,0.0
0.0,0.0,0.0,0.0,0.0,0.0,0.0,0.0,0.0,0.0,0.0,0.0,0.0,0.0,0.0,0.0,0.0,0.0,0.0,0.0,0.0,0.0,0.0,0.0,0.0
0.0,0.0,0.0,0.0,0.0,0.0,0.0,0.0,0.0,0.0,0.0,0.0,0.0,0.0,0.0,0.0,0.0,0.0,0.0,0.0,0.0,0.0,0.0,0.0,0.0
0.0,0.0,0.0,0.0,0.0,0.0,0.0,0.0,0.0,0.0,0.0,0.0,0.0,0.0,0.0,0.0,0.0,0.0,0.0,0.0,0.0,0.0,0.0,0.0,0.0
0.0,0.0,0.0,0.0,0.0,0.0,0.0,0.0,0.0,0.0,0.0,0.0,0.0,0.0,0.0,0.0,0.0,0.0,0.0,0.0,0.0,0.0,0.0,0.0,0.0
0.0,0.0,0.0,0.0,0.0,0.0,0.0,0.0,0.0,0.0,0.0,0.0,0.0,0.0,0.0,0.0,0.0,0.0,0.0,0.0,0.0,0.0,0.0,0.0,0.0
0.0,0.0,0.0,0.0,0.0,0.0,0.0,0.0,0.0,0.0,0.0,0.0,0.0,0.0,0.0,0.0,0.0,0.0,0.0,0.0,0.0,0.0,0.0,0.0,0.0
0.0,0.0,0.0,0.0,0.0,0.0,0.0,0.0,0.0,0.0,0.0,0.0,0.0,0.0,0.0,0.0,0.0,0.0,0.0,0.0,0.0,0.0,0.0,0.0,0.0
0.0,0.0,0.0,0.0,0.0,0.0,0.0,0.0,0.0,0.0,0.0,0.0,0.0,0.0,0.0,0.0,0.0,0.0,0.0,0.0,0.0,0.0,0.0,0.0,0.0
0.0,0.0,0.0,0.0,0.0,0.0,0.0,0.0,0.0,0.0,0.0,0.0,0.0,0.0,0.0,0.0,0.0,0.0,0.0,0.0,0.0,0.0,0.0,0.0,0.0
0.0,0.0,0.0,0.0,0.0,0.0,0.0,0.0,0.0,0.0,0.0,0.0,0.0,0.0,0.0,0.0,0.0,0.0,0.0,0.0,0.0,0.0,0.0,0.0,0.0
0.0,0.0,0.0,1.0,1.0,3.0,5.0,8.0,15.0,15.0,16.0,32.0,30.0,0.0,0.0,0.0,0.0,0.0,0.0,0.0,0.0,0.0,0.0,0.0,0.0
0.0,0.0,0.0,1.0,1.0,4.0,6.0,9.0,16.0,17.0,18.0,34.0,31.0,0.0,0.0,0.0,0.0,0.0,0.0,0.0,0.0,0.0,0.0,0.0,0.0
0.0,0.0,0.0,0.0,0.0,1.0,1.0,1.0,4.0,11.0,17.0,21.0,12.0,0.0,0.0,0.0,0.0,0.0,0.0,0.0,0.0,0.0,0.0,0.0,0.0
0.0,0.0,0.0,0.0,0.0,0.0,0.0,1.0,1.0,4.0,7.0,11.0,6.0,0.0,0.0,0.0,0.0,0.0,0.0,0.0,0.0,0.0,0.0,0.0,0.0
0.0,0.0,0.0,0.0,0.0,0.0,0.0,0.0,0.0,0.0,0.0,0.0,0.0,0.0,0.0,0.0,0.0,0.0,0.0,0.0,0.0,0.0,0.0,0.0,0.0
0.0,0.0,0.0,0.0,0.0,0.0,0.0,0.0,0.0,0.0,0.0,0.0,0.0,0.0,0.0,0.0,0.0,0.0,0.0,0.0,0.0,0.0,0.0,0.0,0.0
0.0,0.0,0.0,0.0,0.0,0.0,0.0,0.0,0.0,0.0,0.0,0.0,0.0,0.0,0.0,0.0,0.0,0.0,0.0,0.0,0.0,0.0,0.0,0.0,0.0
0.0,0.0,0.0,0.0,0.0,0.0,0.0,0.0,0.0,0.0,0.0,0.0,0.0,0.0,0.0,0.0,0.0,0.0,0.0,0.0,0.0,0.0,0.0,0.0,0.0
0.0,0.0,0.0,0.0,0.0,0.0,0.0,0.0,0.0,0.0,0.0,0.0,0.0,0.0,0.0,0.0,0.0,0.0,0.0,0.0,0.0,0.0,0.0,0.0,0.0
0.0,0.0,0.0,0.0,0.0,0.0,0.0,0.0,0.0,0.0,0.0,0.0,0.0,0.0,0.0,0.0,0.0,0.0,0.0,0.0,0.0,0.0,0.0,0.0,0.0
0.0,0.0,0.0,0.0,0.0,0.0,0.0,0.0,0.0,0.0,0.0,0.0,0.0,0.0,0.0,0.0,0.0,0.0,0.0,0.0,0.0,0.0,0.0,0.0,0.0
0.0,0.0,0.0,0.0,0.0,0.0,0.0,0.0,0.0,0.0,0.0,0.0,0.0,0.0,0.0,0.0,0.0,0.0,0.0,0.0,0.0,0.0,0.0,0.0,0.0
0.0,0.0,0.0,0.0,0.0,0.0,0.0,0.0,0.0,0.0,0.0,0.0,0.0,0.0,0.0,0.0,0.0,0.0,0.0,0.0,0.0,0.0,0.0,0.0,0.0
v=chr12:19372619-19374619	h=chr12:19372619-19374619	resolution=80	axis=right-bottom
223.0,175.0,118.0,79.0,79.0,38.0,14.0,7.0,4.0,3.0,0.0,0.0,0.0,0.0,0.0,0.0,0.0,0.0,0.0,0.0,0.0,0.0,0.0,1.0,1.0
175.0,267.0,204.0,123.0,100.0,75.0,43.0,22.0,13.0,11.0,4.0,3.0,2.0,0.0,0.0,0.0,0.0,0.0,0.0,0.0,0.0,0.0,0.0,0.0,0.0
118.0,204.0,245.0,154.0,114.0,77.0,57.0,31.0,19.0,15.0,9.0,3.0,2.0,0.0,0.0,0.0,0.0,0.0,0.0,0.0,0.0,0.0,0.0,0.0,0.0
79.0,123.0,154.0,208.0,153.0,99.0,56.0,33.0,21.0,13.0,14.0,6.0,5.0,1.0,1.0,0.0,0.0,0.0,0.0,0.0,0.0,0.0,0.0,0.0,0.0
79.0,100.0,114.0,153.0,224.0,161.0,69.0,48.0,46.0,37.0,23.0,8.0,8.0,2.0,1.0,0.0,0.0,0.0,0.0,0.0,0.0,0.0,0.0,0.0,0.0
38.0,75.0,77.0,99.0,161.0,259.0,157.0,123.0,81.0,82.0,60.0,21.0,16.0,7.0,5.0,0.0,0.0,0.0,0.0,0.0,0.0,0.0,0.0,0.0,0.0
14.0,43.0,57.0,56.0,69.0,157.0,224.0,166.0,91.0,69.0,70.0,49.0,32.0,14.0,8.0,2.0,2.0,1.0,1.0,0.0,0.0,0.0,0.0,0.0,0.0
7.0,22.0,31.0,33.0,48.0,123.0,166.0,237.0,160.0,118.0,85.0,64.0,51.0,24.0,10.0,2.0,2.0,1.0,1.0,0.0,0.0,0.0,0.0,0.0,0.0
4.0,13.0,19.0,21.0,46.0,81.0,91.0,160.0,213.0,158.0,106.0,61.0,56.0,40.0,20.0,2.0,2.0,2.0,2.0,0.0,0.0,0.0,0.0,0.0,0.0
3.0,11.0,15.0,13.0,37.0,82.0,69.0,118.0,158.0,219.0,156.0,82.0,54.0,53.0,38.0,10.0,11.0,3.0,2.0,0.0,0.0,0.0,0.0,0.0,0.0
0.0,4.0,9.0,14.0,23.0,60.0,70.0,85.0,106.0,156.0,214.0,127.0,89.0,61.0,52.0,19.0,15.0,9.0,8.0,4.0,1.0,1.0,1.0,0.0,0.0
0.0,3.0,3.0,6.0,8.0,21.0,49.0,64.0,61.0,82.0,127.0,195.0,149.0,98.0,52.0,33.0,25.0,15.0,10.0,8.0,4.0,1.0,1.0,0.0,1.0
0.0,2.0,2.0,5.0,8.0,16.0,32.0,51.0,56.0,54.0,89.0,149.0,248.0,190.0,105.0,48.0,38.0,35.0,20.0,15.0,9.0,4.0,1.0,0.0,1.0
0.0,0.0,0.0,1.0,2.0,7.0,14.0,24.0,40.0,53.0,61.0,98.0,190.0,280.0,193.0,102.0,67.0,70.0,38.0,23.0,13.0,3.0,0.0,0.0,1.0
0.0,0.0,0.0,1.0,1.0,5.0,8.0,10.0,20.0,38.0,52.0,52.0,105.0,193.0,249.0,141.0,77.0,64.0,49.0,34.0,25.0,11.0,1.0,0.0,0.0
0.0,0.0,0.0,0.0,0.0,0.0,2.0,2.0,2.0,10.0,19.0,33.0,48.0,102.0,141.0,193.0,114.0,76.0,44.0,41.0,37.0,11.0,6.0,2.0,0.0
0.0,0.0,0.0,0.0,0.0,0.0,2.0,2.0,2.0,11.0,15.0,25.0,38.0,67.0,77.0,114.0,173.0,126.0,70.0,52.0,50.0,26.0,17.0,12.0,3.0
0.0,0.0,0.0,0.0,0.0,0.0,1.0,1.0,2.0,3.0,9.0,15.0,35.0,70.0,64.0,76.0,126.0,195.0,130.0,80.0,57.0,48.0,33.0,23.0,13.0
0.0,0.0,0.0,0.0,0.0,0.0,1.0,1.0,2.0,2.0,8.0,10.0,20.0,38.0,49.0,44.0,70.0,130.0,176.0,115.0,81.0,50.0,40.0,28.0,19.0
0.0,0.0,0.0,0.0,0.0,0.0,0.0,0.0,0.0,0.0,4.0,8.0,15.0,23.0,34.0,41.0,52.0,80.0,115.0,178.0,137.0,80.0,45.0,44.0,34.0
0.0,0.0,0.0,0.0,0.0,0.0,0.0,0.0,0.0,0.0,1.0,4.0,9.0,13.0,25.0,37.0,50.0,57.0,81.0,137.0,198.0,136.0,82.0,64.0,58.0
0.0,0.0,0.0,0.0,0.0,0.0,0.0,0.0,0.0,0.0,1.0,1.0,4.0,3.0,11.0,11.0,26.0,48.0,50.0,80.0,136.0,199.0,139.0,105.0,75.0
0.0,0.0,0.0,0.0,0.0,0.0,0.0,0.0,0.0,0.0,1.0,1.0,1.0,0.0,1.0,6.0,17.0,33.0,40.0,45.0,82.0,139.0,202.0,152.0,106.0
1.0,0.0,0.0,0.0,0.0,0.0,0.0,0.0,0.0,0.0,0.0,0.0,0.0,0.0,0.0,2.0,12.0,23.0,28.0,44.0,64.0,105.0,152.0,219.0,159.0
1.0,0.0,0.0,0.0,0.0,0.0,0.0,0.0,0.0,0.0,0.0,1.0,1.0,1.0,0.0,0.0,3.0,13.0,19.0,34.0,58.0,75.0,106.0,159.0,212.0
#sv
chr5	94409552	+	chr5	106484529	-	.	0	0	5563801_1	99.0	.	BX=CATCTTAGTGAGGGTT-1_1,TGAAAGACAACTCATG-1_1,TCGCGTTCAATTAAGG-1_1,GCATCTCGTACGTCGC-1_1,GTTCATTAGAAAGCTT-1_1,TTAGGCAAGTCCGGTC-1_1,ACACTCCCACATGCGC-1_3,GCTGAATAGGTGTAGC-1_1,TAGCGTAGTGCTCGAC-1_2,AATCGTGTCCACTGCT-1_1,TCAATCTCATATGTGC-1_1,TCTCATAAGAGTATGT-1_1,GACTTGACACGTGCGT-1_1,AAGACAACAGGAAGAA-1_1,AACAAGATCAAAGCGG-1_1,TGTGGTAGTCCTCCAT-1_1,CTCGGTTTCGGCGCAT-1_1,TTGTCCGTCTCCACAC-1_1,CCATGGGGTTACCAGT-1_1,CCTCCCTCATAACAAG-1_1,AACGATCGTATGTGTC-1_1,TACCTTAAGTGTGATA-1_1,TCGCGGATCCAAGTAC-1_1,TCTGCCACACGAGCTC-1_1,GTTTAGGGTCGATTGT-1_1,TGCGCAGTCGCTGACG-1_1,AGAGCTTCAATGGGAC-1_1,CAGGAGAGTCGTAGCC-1_1,CATGCCTCAACATAGA-1_1,AGGCGAATCTCTGCTG-1_1,CAACCAATCTACACCC-1_1;DISC_MAPQ=60;EVDNC=ASDIS;HOMSEQ=G;MAPQ=60;MATEID=5563801_2;MATENM=0;NM=0;NUMPARTS=2;SCTG=c_5_106477001_106502001_8C;SPAN=12074977;SVTYPE=BND;TOOL=svaba;GENOTYPE=OC001B.bam(GT:0/0 AD:0 DP:20 GQ:5.4 PL:[0.0, 5.4, 59.4] SR:0 DR:0 LR:5.619 LO:0.0),OC001T.bam(GT:1/1 AD:37 DP:36 GQ:10.2 PL:[112.2, 10.2, 0.0] SR:25 DR:20 LR:-112.2 LO:112.2);ALT=c]chr5:106484529];VARTYPE=BND:INV-hh;JOINTYPE=hh
#heatmap	linkage_type=pair_end
v=chr5:94408552-94410552	h=chr5:94408552-94410552	resolution=80	axis=left-top
132.0,98.0,59.0,42.0,36.0,34.0,16.0,6.0,3.0,2.0,1.0,0.0,0.0,0.0,0.0,0.0,0.0,0.0,0.0,0.0,0.0,0.0,0.0,0.0,0.0
98.0,151.0,105.0,69.0,45.0,42.0,25.0,10.0,10.0,6.0,3.0,1.0,0.0,0.0,0.0,0.0,0.0,0.0,0.0,0.0,0.0,0.0,0.0,0.0,0.0
59.0,105.0,157.0,115.0,70.0,50.0,43.0,24.0,21.0,9.0,7.0,5.0,1.0,0.0,0.0,0.0,0.0,0.0,0.0,0.0,0.0,0.0,0.0,0.0,0.0
42.0,69.0,115.0,150.0,93.0,60.0,43.0,34.0,25.0,17.0,11.0,7.0,1.0,0.0,0.0,0.0,0.0,0.0,0.0,0.0,0.0,0.0,0.0,0.0,0.0
36.0,45.0,70.0,93.0,182.0,145.0,91.0,67.0,74.0,66.0,24.0,12.0,4.0,2.0,2.0,1.0,0.0,0.0,0.0,0.0,0.0,0.0,0.0,0.0,0.0
34.0,42.0,50.0,60.0,145.0,222.0,159.0,116.0,98.0,102.0,41.0,23.0,13.0,5.0,4.0,3.0,1.0,0.0,0.0,0.0,0.0,0.0,0.0,0.0,0.0
16.0,25.0,43.0,43.0,91.0,159.0,216.0,154.0,113.0,89.0,58.0,42.0,31.0,10.0,6.0,2.0,1.0,0.0,0.0,0.0,0.0,0.0,0.0,0.0,0.0
6.0,10.0,24.0,34.0,67.0,116.0,154.0,229.0,175.0,131.0,68.0,65.0,50.0,19.0,13.0,5.0,2.0,1.0,1.0,0.0,0.0,0.0,0.0,0.0,0.0
3.0,10.0,21.0,25.0,74.0,98.0,113.0,175.0,251.0,194.0,104.0,65.0,63.0,34.0,23.0,13.0,10.0,6.0,2.0,0.0,0.0,0.0,0.0,0.0,0.0
2.0,6.0,9.0,17.0,66.0,102.0,89.0,131.0,194.0,247.0,146.0,90.0,57.0,36.0,25.0,15.0,11.0,8.0,4.0,1.0,0.0,0.0,0.0,0.0,0.0
1.0,3.0,7.0,11.0,24.0,41.0,58.0,68.0,104.0,146.0,201.0,132.0,82.0,37.0,37.0,28.0,21.0,14.0,10.0,2.0,0.0,0.0,0.0,0.0,0.0
0.0,1.0,5.0,7.0,12.0,23.0,42.0,65.0,65.0,90.0,132.0,195.0,134.0,55.0,41.0,41.0,33.0,22.0,12.0,3.0,1.0,1.0,1.0,1.0,0.0
0.0,0.0,1.0,1.0,4.0,13.0,31.0,50.0,63.0,57.0,82.0,134.0,186.0,94.0,66.0,50.0,50.0,28.0,14.0,6.0,3.0,1.0,1.0,1.0,0.0
0.0,0.0,0.0,0.0,2.0,5.0,10.0,19.0,34.0,36.0,37.0,55.0,94.0,141.0,94.0,64.0,49.0,33.0,20.0,13.0,6.0,2.0,1.0,1.0,0.0
0.0,0.0,0.0,0.0,2.0,4.0,6.0,13.0,23.0,25.0,37.0,41.0,66.0,94.0,148.0,110.0,67.0,38.0,36.0,29.0,14.0,6.0,0.0,0.0,0.0
0.0,0.0,0.0,0.0,1.0,3.0,2.0,5.0,13.0,15.0,28.0,41.0,50.0,64.0,110.0,138.0,89.0,47.0,32.0,32.0,18.0,7.0,2.0,1.0,1.0
0.0,0.0,0.0,0.0,0.0,1.0,1.0,2.0,10.0,11.0,21.0,33.0,50.0,49.0,67.0,89.0,131.0,83.0,49.0,31.0,24.0,17.0,10.0,6.0,2.0
0.0,0.0,0.0,0.0,0.0,0.0,0.0,1.0,6.0,8.0,14.0,22.0,28.0,33.0,38.0,47.0,83.0,118.0,79.0,43.0,32.0,29.0,22.0,10.0,3.0
0.0,0.0,0.0,0.0,0.0,0.0,0.0,1.0,2.0,4.0,10.0,12.0,14.0,20.0,36.0,32.0,49.0,79.0,107.0,67.0,45.0,31.0,24.0,12.0,2.0
0.0,0.0,0.0,0.0,0.0,0.0,0.0,0.0,0.0,1.0,2.0,3.0,6.0,13.0,29.0,32.0,31.0,43.0,67.0,92.0,62.0,37.0,22.0,21.0,7.0
0.0,0.0,0.0,0.0,0.0,0.0,0.0,0.0,0.0,0.0,0.0,1.0,3.0,6.0,14.0,18.0,24.0,32.0,45.0,62.0,85.0,56.0,35.0,26.0,17.0
0.0,0.0,0.0,0.0,0.0,0.0,0.0,0.0,0.0,0.0,0.0,1.0,1.0,2.0,6.0,7.0,17.0,29.0,31.0,37.0,56.0,85.0,59.0,43.0,19.0
0.0,0.0,0.0,0.0,0.0,0.0,0.0,0.0,0.0,0.0,0.0,1.0,1.0,1.0,0.0,2.0,10.0,22.0,24.0,22.0,35.0,59.0,91.0,73.0,41.0
0.0,0.0,0.0,0.0,0.0,0.0,0.0,0.0,0.0,0.0,0.0,1.0,1.0,1.0,0.0,1.0,6.0,10.0,12.0,21.0,26.0,43.0,73.0,97.0,63.0
0.0,0.0,0.0,0.0,0.0,0.0,0.0,0.0,0.0,0.0,0.0,0.0,0.0,0.0,0.0,1.0,2.0,3.0,2.0,7.0,17.0,19.0,41.0,63.0,81.0
v=chr5:94408552-94410552	h=chr5:106483529-106485529	resolution=80	axis=right-top
0.0,0.0,0.0,0.0,0.0,0.0,0.0,0.0,0.0,0.0,0.0,0.0,0.0,0.0,0.0,0.0,0.0,0.0,0.0,0.0,0.0,0.0,0.0,0.0,0.0
0.0,0.0,0.0,0.0,0.0,0.0,0.0,0.0,0.0,0.0,0.0,0.0,0.0,0.0,0.0,0.0,0.0,0.0,0.0,0.0,0.0,0.0,0.0,0.0,0.0
0.0,0.0,0.0,0.0,0.0,0.0,0.0,0.0,0.0,0.0,0.0,0.0,0.0,0.0,0.0,0.0,0.0,0.0,0.0,0.0,0.0,0.0,0.0,0.0,0.0
0.0,0.0,0.0,0.0,0.0,0.0,0.0,0.0,0.0,0.0,0.0,0.0,0.0,0.0,0.0,0.0,0.0,0.0,0.0,0.0,0.0,0.0,0.0,0.0,0.0
0.0,0.0,0.0,0.0,0.0,0.0,0.0,0.0,0.0,0.0,0.0,0.0,0.0,0.0,0.0,0.0,0.0,0.0,0.0,0.0,0.0,0.0,0.0,0.0,0.0
0.0,0.0,0.0,0.0,0.0,0.0,0.0,0.0,0.0,0.0,1.0,3.0,2.0,0.0,0.0,0.0,0.0,0.0,0.0,0.0,0.0,0.0,0.0,0.0,0.0
0.0,0.0,0.0,0.0,0.0,0.0,0.0,0.0,0.0,2.0,4.0,8.0,6.0,0.0,0.0,0.0,0.0,0.0,0.0,0.0,0.0,0.0,0.0,0.0,0.0
0.0,0.0,0.0,0.0,0.0,0.0,0.0,0.0,0.0,2.0,5.0,16.0,13.0,0.0,0.0,0.0,0.0,0.0,0.0,0.0,0.0,0.0,0.0,0.0,0.0
0.0,0.0,0.0,0.0,0.0,0.0,0.0,0.0,0.0,1.0,7.0,18.0,14.0,0.0,0.0,0.0,0.0,0.0,0.0,0.0,0.0,0.0,0.0,0.0,0.0
0.0,0.0,0.0,0.0,0.0,0.0,0.0,1.0,1.0,1.0,7.0,21.0,17.0,0.0,0.0,0.0,0.0,0.0,0.0,0.0,0.0,0.0,0.0,0.0,0.0
0.0,0.0,0.0,0.0,0.0,0.0,0.0,2.0,4.0,3.0,7.0,12.0,9.0,0.0,0.0,0.0,0.0,0.0,0.0,0.0,0.0,0.0,0.0,0.0,0.0
0.0,0.0,0.0,0.0,0.0,0.0,0.0,4.0,7.0,9.0,10.0,26.0,26.0,0.0,0.0,0.0,0.0,0.0,0.0,0.0,0.0,0.0,0.0,0.0,0.0
0.0,0.0,0.0,0.0,0.0,0.0,0.0,3.0,6.0,8.0,9.0,27.0,28.0,0.0,0.0,0.0,0.0,0.0,0.0,0.0,0.0,0.0,0.0,0.0,0.0
0.0,0.0,0.0,0.0,0.0,0.0,0.0,0.0,0.0,0.0,0.0,0.0,0.0,0.0,0.0,0.0,0.0,0.0,0.0,0.0,0.0,0.0,0.0,0.0,0.0
0.0,0.0,0.0,0.0,0.0,0.0,0.0,0.0,0.0,0.0,0.0,0.0,0.0,0.0,0.0,0.0,0.0,0.0,0.0,0.0,0.0,0.0,0.0,0.0,0.0
0.0,0.0,0.0,0.0,0.0,0.0,0.0,0.0,0.0,0.0,0.0,0.0,0.0,0.0,0.0,0.0,0.0,0.0,0.0,0.0,0.0,0.0,0.0,0.0,0.0
0.0,0.0,0.0,0.0,0.0,0.0,0.0,0.0,0.0,0.0,0.0,0.0,0.0,0.0,0.0,0.0,0.0,0.0,0.0,0.0,0.0,0.0,0.0,0.0,0.0
0.0,0.0,0.0,0.0,0.0,0.0,0.0,0.0,0.0,0.0,0.0,0.0,0.0,0.0,0.0,0.0,0.0,0.0,0.0,0.0,0.0,0.0,0.0,0.0,0.0
0.0,0.0,0.0,0.0,0.0,0.0,0.0,0.0,0.0,0.0,0.0,0.0,0.0,0.0,0.0,0.0,0.0,0.0,0.0,0.0,0.0,0.0,0.0,0.0,0.0
0.0,0.0,0.0,0.0,0.0,0.0,0.0,0.0,0.0,0.0,0.0,0.0,0.0,0.0,0.0,0.0,0.0,0.0,0.0,0.0,0.0,0.0,0.0,0.0,0.0
0.0,0.0,0.0,0.0,0.0,0.0,0.0,0.0,0.0,0.0,0.0,0.0,0.0,0.0,0.0,0.0,0.0,0.0,0.0,0.0,0.0,0.0,0.0,0.0,0.0
0.0,0.0,0.0,0.0,0.0,0.0,0.0,0.0,0.0,0.0,0.0,0.0,0.0,0.0,0.0,0.0,0.0,0.0,0.0,0.0,0.0,0.0,0.0,0.0,0.0
0.0,0.0,0.0,0.0,0.0,0.0,0.0,0.0,0.0,0.0,0.0,0.0,0.0,0.0,0.0,0.0,0.0,0.0,0.0,0.0,0.0,0.0,0.0,0.0,0.0
0.0,0.0,0.0,0.0,0.0,0.0,0.0,0.0,0.0,0.0,0.0,0.0,0.0,0.0,0.0,0.0,0.0,0.0,0.0,0.0,0.0,0.0,0.0,0.0,0.0
0.0,0.0,0.0,0.0,0.0,0.0,0.0,0.0,0.0,0.0,0.0,0.0,0.0,0.0,0.0,0.0,0.0,0.0,0.0,0.0,0.0,0.0,0.0,0.0,0.0
v=chr5:106483529-106485529	h=chr5:94408552-94410552	resolution=80	axis=left-bottom
0.0,0.0,0.0,0.0,0.0,0.0,0.0,0.0,0.0,0.0,0.0,0.0,0.0,0.0,0.0,0.0,0.0,0.0,0.0,0.0,0.0,0.0,0.0,0.0,0.0
0.0,0.0,0.0,0.0,0.0,0.0,0.0,0.0,0.0,0.0,0.0,0.0,0.0,0.0,0.0,0.0,0.0,0.0,0.0,0.0,0.0,0.0,0.0,0.0,0.0
0.0,0.0,0.0,0.0,0.0,0.0,0.0,0.0,0.0,0.0,0.0,0.0,0.0,0.0,0.0,0.0,0.0,0.0,0.0,0.0,0.0,0.0,0.0,0.0,0.0
0.0,0.0,0.0,0.0,0.0,0.0,0.0,0.0,0.0,0.0,0.0,0.0,0.0,0.0,0.0,0.0,0.0,0.0,0.0,0.0,0.0,0.0,0.0,0.0,0.0
0.0,0.0,0.0,0.0,0.0,0.0,0.0,0.0,0.0,0.0,0.0,0.0,0.0,0.0,0.0,0.0,0.0,0.0,0.0,0.0,0.0,0.0,0.0,0.0,0.0
0.0,0.0,0.0,0.0,0.0,0.0,0.0,0.0,0.0,0.0,0.0,0.0,0.0,0.0,0.0,0.0,0.0,0.0,0.0,0.0,0.0,0.0,0.0,0.0,0.0
0.0,0.0,0.0,0.0,0.0,0.0,0.0,0.0,0.0,0.0,0.0,0.0,0.0,0.0,0.0,0.0,0.0,0.0,0.0,0.0,0.0,0.0,0.0,0.0,0.0
0.0,0.0,0.0,0.0,0.0,0.0,0.0,0.0,0.0,1.0,2.0,4.0,3.0,0.0,0.0,0.0,0.0,0.0,0.0,0.0,0.0,0.0,0.0,0.0,0.0
0.0,0.0,0.0,0.0,0.0,0.0,0.0,0.0,0.0,1.0,4.0,7.0,6.0,0.0,0.0,0.0,0.0,0.0,0.0,0.0,0.0,0.0,0.0,0.0,0.0
0.0,0.0,0.0,0.0,0.0,0.0,2.0,2.0,1.0,1.0,3.0,9.0,8.0,0.0,0.0,0.0,0.0,0.0,0.0,0.0,0.0,0.0,0.0,0.0,0.0
0.0,0.0,0.0,0.0,0.0,1.0,4.0,5.0,7.0,7.0,7.0,10.0,9.0,0.0,0.0,0.0,0.0,0.0,0.0,0.0,0.0,0.0,0.0,0.0,0.0
0.0,0.0,0.0,0.0,0.0,3.0,8.0,16.0,18.0,21.0,12.0,26.0,27.0,0.0,0.0,0.0,0.0,0.0,0.0,0.0,0.0,0.0,0.0,0.0,0.0
0.0,0.0,0.0,0.0,0.0,2.0,6.0,13.0,14.0,17.0,9.0,26.0,28.0,0.0,0.0,0.0,0.0,0.0,0.0,0.0,0.0,0.0,0.0,0.0,0.0
0.0,0.0,0.0,0.0,0.0,0.0,0.0,0.0,0.0,0.0,0.0,0.0,0.0,0.0,0.0,0.0,0.0,0.0,0.0,0.0,0.0,0.0,0.0,0.0,0.0
0.0,0.0,0.0,0.0,0.0,0.0,0.0,0.0,0.0,0.0,0.0,0.0,0.0,0.0,0.0,0.0,0.0,0.0,0.0,0.0,0.0,0.0,0.0,0.0,0.0
0.0,0.0,0.0,0.0,0.0,0.0,0.0,0.0,0.0,0.0,0.0,0.0,0.0,0.0,0.0,0.0,0.0,0.0,0.0,0.0,0.0,0.0,0.0,0.0,0.0
0.0,0.0,0.0,0.0,0.0,0.0,0.0,0.0,0.0,0.0,0.0,0.0,0.0,0.0,0.0,0.0,0.0,0.0,0.0,0.0,0.0,0.0,0.0,0.0,0.0
0.0,0.0,0.0,0.0,0.0,0.0,0.0,0.0,0.0,0.0,0.0,0.0,0.0,0.0,0.0,0.0,0.0,0.0,0.0,0.0,0.0,0.0,0.0,0.0,0.0
0.0,0.0,0.0,0.0,0.0,0.0,0.0,0.0,0.0,0.0,0.0,0.0,0.0,0.0,0.0,0.0,0.0,0.0,0.0,0.0,0.0,0.0,0.0,0.0,0.0
0.0,0.0,0.0,0.0,0.0,0.0,0.0,0.0,0.0,0.0,0.0,0.0,0.0,0.0,0.0,0.0,0.0,0.0,0.0,0.0,0.0,0.0,0.0,0.0,0.0
0.0,0.0,0.0,0.0,0.0,0.0,0.0,0.0,0.0,0.0,0.0,0.0,0.0,0.0,0.0,0.0,0.0,0.0,0.0,0.0,0.0,0.0,0.0,0.0,0.0
0.0,0.0,0.0,0.0,0.0,0.0,0.0,0.0,0.0,0.0,0.0,0.0,0.0,0.0,0.0,0.0,0.0,0.0,0.0,0.0,0.0,0.0,0.0,0.0,0.0
0.0,0.0,0.0,0.0,0.0,0.0,0.0,0.0,0.0,0.0,0.0,0.0,0.0,0.0,0.0,0.0,0.0,0.0,0.0,0.0,0.0,0.0,0.0,0.0,0.0
0.0,0.0,0.0,0.0,0.0,0.0,0.0,0.0,0.0,0.0,0.0,0.0,0.0,0.0,0.0,0.0,0.0,0.0,0.0,0.0,0.0,0.0,0.0,0.0,0.0
0.0,0.0,0.0,0.0,0.0,0.0,0.0,0.0,0.0,0.0,0.0,0.0,0.0,0.0,0.0,0.0,0.0,0.0,0.0,0.0,0.0,0.0,0.0,0.0,0.0
v=chr5:106483529-106485529	h=chr5:106483529-106485529	resolution=80	axis=right-bottom
194.0,150.0,93.0,68.0,54.0,34.0,13.0,8.0,1.0,0.0,0.0,0.0,0.0,0.0,0.0,0.0,0.0,0.0,0.0,0.0,0.0,0.0,0.0,0.0,0.0
150.0,211.0,147.0,107.0,63.0,51.0,28.0,14.0,5.0,2.0,0.0,1.0,1.0,0.0,0.0,0.0,0.0,0.0,0.0,0.0,0.0,0.0,0.0,0.0,0.0
93.0,147.0,193.0,131.0,69.0,58.0,44.0,27.0,8.0,3.0,0.0,1.0,1.0,0.0,0.0,0.0,0.0,0.0,0.0,0.0,0.0,0.0,0.0,0.0,0.0
68.0,107.0,131.0,196.0,123.0,80.0,56.0,46.0,26.0,11.0,1.0,2.0,2.0,0.0,0.0,0.0,0.0,0.0,0.0,0.0,0.0,0.0,0.0,0.0,0.0
54.0,63.0,69.0,123.0,172.0,117.0,75.0,50.0,40.0,28.0,10.0,1.0,1.0,1.0,1.0,1.0,0.0,0.0,0.0,0.0,0.0,0.0,0.0,0.0,0.0
34.0,51.0,58.0,80.0,117.0,170.0,117.0,71.0,42.0,50.0,26.0,15.0,1.0,1.0,1.0,1.0,0.0,0.0,0.0,0.0,0.0,0.0,0.0,0.0,0.0
13.0,28.0,44.0,56.0,75.0,117.0,173.0,122.0,73.0,63.0,48.0,32.0,10.0,4.0,1.0,1.0,1.0,1.0,0.0,0.0,0.0,0.0,0.0,0.0,0.0
8.0,14.0,27.0,46.0,50.0,71.0,122.0,170.0,112.0,78.0,55.0,49.0,24.0,7.0,2.0,1.0,2.0,2.0,0.0,0.0,0.0,0.0,0.0,0.0,0.0
1.0,5.0,8.0,26.0,40.0,42.0,73.0,112.0,169.0,122.0,85.0,42.0,32.0,16.0,14.0,4.0,3.0,1.0,0.0,0.0,0.0,0.0,0.0,0.0,0.0
0.0,2.0,3.0,11.0,28.0,50.0,63.0,78.0,122.0,190.0,144.0,80.0,34.0,30.0,28.0,15.0,11.0,6.0,2.0,0.0,0.0,0.0,0.0,0.0,0.0
0.0,0.0,0.0,1.0,10.0,26.0,48.0,55.0,85.0,144.0,209.0,142.0,73.0,45.0,58.0,40.0,27.0,8.0,4.0,0.0,0.0,0.0,0.0,0.0,0.0
0.0,1.0,1.0,2.0,1.0,15.0,32.0,49.0,42.0,80.0,142.0,195.0,120.0,49.0,55.0,44.0,34.0,11.0,9.0,3.0,1.0,0.0,0.0,0.0,0.0
0.0,1.0,1.0,2.0,1.0,1.0,10.0,24.0,32.0,34.0,73.0,120.0,213.0,126.0,79.0,57.0,56.0,28.0,11.0,4.0,2.0,0.0,0.0,1.0,0.0
0.0,0.0,0.0,0.0,1.0,1.0,4.0,7.0,16.0,30.0,45.0,49.0,126.0,180.0,119.0,74.0,61.0,47.0,22.0,8.0,6.0,3.0,3.0,3.0,1.0
0.0,0.0,0.0,0.0,1.0,1.0,1.0,2.0,14.0,28.0,58.0,55.0,79.0,119.0,190.0,139.0,105.0,65.0,46.0,31.0,14.0,12.0,7.0,3.0,1.0
0.0,0.0,0.0,0.0,1.0,1.0,1.0,1.0,4.0,15.0,40.0,44.0,57.0,74.0,139.0,184.0,143.0,82.0,51.0,42.0,27.0,25.0,19.0,9.0,5.0
0.0,0.0,0.0,0.0,0.0,0.0,1.0,2.0,3.0,11.0,27.0,34.0,56.0,61.0,105.0,143.0,188.0,119.0,67.0,50.0,43.0,42.0,19.0,11.0,7.0
0.0,0.0,0.0,0.0,0.0,0.0,1.0,2.0,1.0,6.0,8.0,11.0,28.0,47.0,65.0,82.0,119.0,155.0,97.0,66.0,44.0,47.0,22.0,15.0,8.0
0.0,0.0,0.0,0.0,0.0,0.0,0.0,0.0,0.0,2.0,4.0,9.0,11.0,22.0,46.0,51.0,67.0,97.0,142.0,101.0,58.0,42.0,30.0,28.0,18.0
0.0,0.0,0.0,0.0,0.0,0.0,0.0,0.0,0.0,0.0,0.0,3.0,4.0,8.0,31.0,42.0,50.0,66.0,101.0,139.0,95.0,65.0,38.0,37.0,24.0
0.0,0.0,0.0,0.0,0.0,0.0,0.0,0.0,0.0,0.0,0.0,1.0,2.0,6.0,14.0,27.0,43.0,44.0,58.0,95.0,130.0,93.0,53.0,33.0,31.0
0.0,0.0,0.0,0.0,0.0,0.0,0.0,0.0,0.0,0.0,0.0,0.0,0.0,3.0,12.0,25.0,42.0,47.0,42.0,65.0,93.0,143.0,97.0,57.0,31.0
0.0,0.0,0.0,0.0,0.0,0.0,0.0,0.0,0.0,0.0,0.0,0.0,0.0,3.0,7.0,19.0,19.0,22.0,30.0,38.0,53.0,97.0,134.0,90.0,56.0
0.0,0.0,0.0,0.0,0.0,0.0,0.0,0.0,0.0,0.0,0.0,0.0,1.0,3.0,3.0,9.0,11.0,15.0,28.0,37.0,33.0,57.0,90.0,163.0,122.0
0.0,0.0,0.0,0.0,0.0,0.0,0.0,0.0,0.0,0.0,0.0,0.0,0.0,1.0,1.0,5.0,7.0,8.0,18.0,24.0,31.0,31.0,56.0,122.0,179.0
#sv
chr5	94411322	-	chr5	106482726	+	.	0	0	5563802_1	99.0	.	BX=CCTAAAGCATCGTTAG-1_1,TACGGGCAGATGCGAC-1_1,GACCAATCATGTTGCA-1_1,CGTCCATCACGAAAGC-1_1,GCAGCCATCCCTTCGA-1_2,ACGCTAAAGGACTTAA-1_1,TTGTCCGTCGAATGCT-1_1,CGCTATCTCATGTGGT-1_1,CCTTCCCAGGAAACAG-1_1,AGGGAGTGTTATCGGT-1_1,AGCGCCAGTTAAAGAC-1_3,CATATTCCACACCGAC-1_1,TATCTACGTTCAAGGG-1_4,GGGAGATCAGGTGAAC-1_1,CAAGCGCAGTAGTATG-1_1,TTTACTGGTGTTCAAC-1_1,TATCAGGGTTTAAGCC-1_1,AGGGAACTCGACCCTT-1_1,GACACGCTCCGAACGC-1_1,AGATGGGTCTAATGGC-1_2,ATACGCAAGATTCAAG-1_1,GGACATTAGTTAGGGC-1_1,TACTTGTGTGTTGTTG-1_1,GCGCAACTCGAATGCT-1_2,AGCATTGCACTTAAGC-1_3,TCTCACGTCTGCACTC-1_1,GGAAGCAGTGTTAAGA-1_1,TAGCAGTGTGAACCTT-1_2,CACGTAACATCGATGT-1_1,CCTAAAGGTCCGCAGT-1_3,GCCAAATCATGGGAAC-1_1,GTTCATTAGTGCGATG-1_2,CAAAGCTTCTGGCCGA-1_1,ATCACTTCATTCCGTC-1_1,TTGGCTCTCGTAGATC-1_3,GCCTATCTCATCTTTG-1_1,ACCCAGGCATCGGGCT-1_1,GTTGAACCAAACAACA-1_1,TTAGGCAGTACCAACT-1_2,CATTACTGTACAACGG-1_1,ACGATCAAGCGACCAA-1_1,TGCGCGATCCGTCTAC-1_1;DISC_MAPQ=60;EVDNC=ASDIS;HOMSEQ=TAG;MAPQ=60;MATEID=5563802_2;MATENM=0;NM=0;NUMPARTS=2;SCTG=c_5_106477001_106502001_367C;SPAN=12071404;SVTYPE=BND;TOOL=svaba;GENOTYPE=OC001B.bam(GT:0/0 AD:0 DP:17 GQ:4.5 PL:[0.0, 4.5, 49.5] SR:0 DR:0 LR:4.776 LO:0.0),OC001T.bam(GT:1/1 AD:66 DP:36 GQ:18.3 PL:[201.3, 18.3, 0.0] SR:39 DR:47 LR:-201.3 LO:201.3);ALT=[chr5:106482726[T;VARTYPE=BND:INV-tt;JOINTYPE=tt
#heatmap	linkage_type=pair_end
v=chr5:94410322-94412322	h=chr5:94410322-94412322	resolution=80	axis=left-top
95.0,69.0,47.0,32.0,29.0,14.0,11.0,3.0,2.0,0.0,0.0,0.0,0.0,0.0,0.0,0.0,0.0,0.0,0.0,0.0,0.0,0.0,0.0,0.0,0.0
69.0,94.0,70.0,51.0,30.0,20.0,18.0,16.0,6.0,1.0,0.0,0.0,0.0,0.0,0.0,0.0,0.0,0.0,0.0,0.0,0.0,0.0,0.0,0.0,0.0
47.0,70.0,87.0,67.0,43.0,23.0,24.0,23.0,11.0,3.0,1.0,1.0,0.0,0.0,0.0,0.0,0.0,0.0,0.0,0.0,0.0,0.0,0.0,0.0,0.0
32.0,51.0,67.0,86.0,57.0,34.0,23.0,26.0,18.0,9.0,2.0,1.0,0.0,0.0,1.0,1.0,1.0,0.0,0.0,0.0,0.0,0.0,0.0,0.0,0.0
29.0,30.0,43.0,57.0,89.0,59.0,40.0,22.0,27.0,20.0,14.0,6.0,5.0,1.0,2.0,1.0,1.0,0.0,0.0,0.0,0.0,0.0,0.0,0.0,0.0
14.0,20.0,23.0,34.0,59.0,83.0,62.0,37.0,30.0,22.0,18.0,9.0,6.0,2.0,3.0,1.0,1.0,0.0,0.0,0.0,0.0,0.0,0.0,0.0,0.0
11.0,18.0,24.0,23.0,40.0,62.0,83.0,53.0,34.0,20.0,21.0,14.0,9.0,3.0,4.0,2.0,1.0,0.0,0.0,0.0,0.0,0.0,0.0,0.0,0.0
3.0,16.0,23.0,26.0,22.0,37.0,53.0,77.0,54.0,31.0,19.0,14.0,6.0,4.0,4.0,4.0,3.0,1.0,0.0,0.0,0.0,0.0,0.0,0.0,0.0
2.0,6.0,11.0,18.0,27.0,30.0,34.0,54.0,80.0,53.0,31.0,15.0,12.0,8.0,7.0,7.0,5.0,1.0,0.0,0.0,0.0,0.0,0.0,0.0,0.0
0.0,1.0,3.0,9.0,20.0,22.0,20.0,31.0,53.0,86.0,59.0,37.0,22.0,25.0,20.0,10.0,7.0,2.0,1.0,0.0,0.0,0.0,0.0,0.0,0.0
0.0,0.0,1.0,2.0,14.0,18.0,21.0,19.0,31.0,59.0,84.0,62.0,36.0,26.0,22.0,14.0,9.0,6.0,2.0,0.0,0.0,0.0,0.0,0.0,0.0
0.0,0.0,1.0,1.0,6.0,9.0,14.0,14.0,15.0,37.0,62.0,76.0,46.0,29.0,24.0,23.0,18.0,6.0,4.0,2.0,0.0,0.0,0.0,0.0,0.0
0.0,0.0,0.0,0.0,5.0,6.0,9.0,6.0,12.0,22.0,36.0,46.0,128.0,95.0,61.0,34.0,42.0,29.0,18.0,7.0,4.0,4.0,1.0,0.0,0.0
0.0,0.0,0.0,0.0,1.0,2.0,3.0,4.0,8.0,25.0,26.0,29.0,95.0,169.0,129.0,79.0,55.0,55.0,41.0,22.0,9.0,8.0,5.0,3.0,0.0
0.0,0.0,0.0,1.0,2.0,3.0,4.0,4.0,7.0,20.0,22.0,24.0,61.0,129.0,180.0,125.0,85.0,72.0,59.0,36.0,16.0,10.0,7.0,4.0,0.0
0.0,0.0,0.0,1.0,1.0,1.0,2.0,4.0,7.0,10.0,14.0,23.0,34.0,79.0,125.0,194.0,141.0,102.0,78.0,66.0,44.0,24.0,16.0,5.0,1.0
0.0,0.0,0.0,1.0,1.0,1.0,1.0,3.0,5.0,7.0,9.0,18.0,42.0,55.0,85.0,141.0,199.0,147.0,109.0,62.0,60.0,35.0,28.0,10.0,7.0
0.0,0.0,0.0,0.0,0.0,0.0,0.0,1.0,1.0,2.0,6.0,6.0,29.0,55.0,72.0,102.0,147.0,204.0,152.0,88.0,56.0,49.0,50.0,20.0,10.0
0.0,0.0,0.0,0.0,0.0,0.0,0.0,0.0,0.0,1.0,2.0,4.0,18.0,41.0,59.0,78.0,109.0,152.0,204.0,137.0,86.0,53.0,64.0,35.0,10.0
0.0,0.0,0.0,0.0,0.0,0.0,0.0,0.0,0.0,0.0,0.0,2.0,7.0,22.0,36.0,66.0,62.0,88.0,137.0,193.0,125.0,84.0,68.0,51.0,20.0
0.0,0.0,0.0,0.0,0.0,0.0,0.0,0.0,0.0,0.0,0.0,0.0,4.0,9.0,16.0,44.0,60.0,56.0,86.0,125.0,172.0,122.0,88.0,45.0,26.0
0.0,0.0,0.0,0.0,0.0,0.0,0.0,0.0,0.0,0.0,0.0,0.0,4.0,8.0,10.0,24.0,35.0,49.0,53.0,84.0,122.0,183.0,139.0,66.0,46.0
0.0,0.0,0.0,0.0,0.0,0.0,0.0,0.0,0.0,0.0,0.0,0.0,1.0,5.0,7.0,16.0,28.0,50.0,64.0,68.0,88.0,139.0,189.0,111.0,60.0
0.0,0.0,0.0,0.0,0.0,0.0,0.0,0.0,0.0,0.0,0.0,0.0,0.0,3.0,4.0,5.0,10.0,20.0,35.0,51.0,45.0,66.0,111.0,160.0,100.0
0.0,0.0,0.0,0.0,0.0,0.0,0.0,0.0,0.0,0.0,0.0,0.0,0.0,0.0,0.0,1.0,7.0,10.0,10.0,20.0,26.0,46.0,60.0,100.0,161.0
v=chr5:94410322-94412322	h=chr5:106481726-106483726	resolution=80	axis=right-top
0.0,0.0,0.0,0.0,0.0,0.0,0.0,0.0,0.0,0.0,0.0,0.0,0.0,0.0,0.0,0.0,0.0,0.0,0.0,0.0,0.0,0.0,0.0,0.0,0.0
0.0,0.0,0.0,0.0,0.0,0.0,0.0,0.0,0.0,0.0,0.0,0.0,0.0,0.0,0.0,0.0,0.0,0.0,0.0,0.0,0.0,0.0,0.0,0.0,0.0
0.0,0.0,0.0,0.0,0.0,0.0,0.0,0.0,0.0,0.0,0.0,0.0,0.0,0.0,0.0,0.0,0.0,0.0,0.0,0.0,0.0,0.0,0.0,0.0,0.0
0.0,0.0,0.0,0.0,0.0,0.0,0.0,0.0,0.0,0.0,0.0,0.0,0.0,0.0,0.0,0.0,0.0,0.0,0.0,0.0,0.0,0.0,0.0,0.0,0.0
0.0,0.0,0.0,0.0,0.0,0.0,0.0,0.0,0.0,0.0,0.0,0.0,0.0,0.0,0.0,0.0,0.0,0.0,0.0,0.0,0.0,0.0,0.0,0.0,0.0
0.0,0.0,0.0,0.0,0.0,0.0,0.0,0.0,0.0,0.0,0.0,0.0,0.0,0.0,0.0,0.0,0.0,0.0,0.0,0.0,0.0,0.0,0.0,0.0,0.0
0.0,0.0,0.0,0.0,0.0,0.0,0.0,0.0,0.0,0.0,0.0,0.0,0.0,0.0,0.0,0.0,0.0,0.0,0.0,0.0,0.0,0.0,0.0,0.0,0.0
0.0,0.0,0.0,0.0,0.0,0.0,0.0,0.0,0.0,0.0,0.0,0.0,0.0,0.0,0.0,0.0,0.0,0.0,0.0,0.0,0.0,0.0,0.0,0.0,0.0
0.0,0.0,0.0,0.0,0.0,0.0,0.0,0.0,0.0,0.0,0.0,0.0,0.0,0.0,0.0,0.0,0.0,0.0,0.0,0.0,0.0,0.0,0.0,0.0,0.0
0.0,0.0,0.0,0.0,0.0,0.0,0.0,0.0,0.0,0.0,0.0,0.0,0.0,0.0,0.0,0.0,0.0,0.0,0.0,0.0,0.0,0.0,0.0,0.0,0.0
0.0,0.0,0.0,0.0,0.0,0.0,0.0,0.0,0.0,0.0,0.0,0.0,0.0,0.0,0.0,0.0,0.0,0.0,0.0,0.0,0.0,0.0,0.0,0.0,0.0
0.0,0.0,0.0,0.0,0.0,0.0,0.0,0.0,0.0,0.0,0.0,0.0,0.0,0.0,0.0,0.0,0.0,0.0,0.0,0.0,0.0,0.0,0.0,0.0,0.0
0.0,0.0,0.0,0.0,0.0,0.0,0.0,0.0,0.0,0.0,0.0,0.0,36.0,36.0,23.0,14.0,10.0,8.0,3.0,2.0,0.0,0.0,0.0,0.0,0.0
0.0,0.0,0.0,0.0,0.0,0.0,0.0,0.0,0.0,0.0,0.0,0.0,29.0,35.0,27.0,22.0,13.0,9.0,3.0,2.0,0.0,0.0,0.0,0.0,0.0
0.0,0.0,0.0,0.0,0.0,0.0,0.0,0.0,0.0,0.0,0.0,0.0,8.0,23.0,21.0,20.0,8.0,4.0,0.0,0.0,0.0,0.0,0.0,0.0,0.0
0.0,0.0,0.0,0.0,0.0,0.0,0.0,0.0,0.0,0.0,0.0,0.0,8.0,18.0,15.0,13.0,3.0,0.0,0.0,0.0,0.0,0.0,0.0,0.0,0.0
0.0,0.0,0.0,0.0,0.0,0.0,0.0,0.0,0.0,0.0,0.0,0.0,7.0,11.0,8.0,6.0,2.0,0.0,0.0,0.0,0.0,0.0,0.0,0.0,0.0
0.0,0.0,0.0,0.0,0.0,0.0,0.0,0.0,0.0,0.0,0.0,0.0,8.0,10.0,4.0,3.0,1.0,0.0,0.0,0.0,0.0,0.0,0.0,0.0,0.0
0.0,0.0,0.0,0.0,0.0,0.0,0.0,0.0,0.0,0.0,0.0,0.0,7.0,7.0,3.0,1.0,1.0,0.0,0.0,0.0,0.0,0.0,0.0,0.0,0.0
0.0,0.0,0.0,0.0,0.0,0.0,0.0,0.0,0.0,0.0,0.0,0.0,4.0,4.0,1.0,0.0,0.0,0.0,0.0,0.0,0.0,0.0,0.0,0.0,0.0
0.0,0.0,0.0,0.0,0.0,0.0,0.0,0.0,0.0,0.0,0.0,0.0,0.0,0.0,0.0,0.0,0.0,0.0,0.0,0.0,0.0,0.0,0.0,0.0,0.0
0.0,0.0,0.0,0.0,0.0,0.0,0.0,0.0,0.0,0.0,0.0,0.0,0.0,0.0,0.0,0.0,0.0,0.0,0.0,0.0,0.0,0.0,0.0,0.0,0.0
0.0,0.0,0.0,0.0,0.0,0.0,0.0,0.0,0.0,0.0,0.0,0.0,0.0,0.0,0.0,0.0,0.0,0.0,0.0,0.0,0.0,0.0,0.0,0.0,0.0
0.0,0.0,0.0,0.0,0.0,0.0,0.0,0.0,0.0,0.0,0.0,0.0,0.0,0.0,0.0,0.0,0.0,0.0,0.0,0.0,0.0,0.0,0.0,0.0,0.0
0.0,0.0,0.0,0.0,0.0,0.0,0.0,0.0,0.0,0.0,0.0,0.0,0.0,0.0,0.0,0.0,0.0,0.0,0.0,0.0,1.0,1.0,0.0,0.0,0.0
v=chr5:106481726-106483726	h=chr5:94410322-94412322	resolution=80	axis=left-bottom
0.0,0.0,0.0,0.0,0.0,0.0,0.0,0.0,0.0,0.0,0.0,0.0,0.0,0.0,0.0,0.0,0.0,0.0,0.0,0.0,0.0,0.0,0.0,0.0,0.0
0.0,0.0,0.0,0.0,0.0,0.0,0.0,0.0,0.0,0.0,0.0,0.0,0.0,0.0,0.0,0.0,0.0,0.0,0.0,0.0,0.0,0.0,0.0,0.0,0.0
0.0,0.0,0.0,0.0,0.0,0.0,0.0,0.0,0.0,0.0,0.0,0.0,0.0,0.0,0.0,0.0,0.0,0.0,0.0,0.0,0.0,0.0,0.0,0.0,0.0
0.0,0.0,0.0,0.0,0.0,0.0,0.0,0.0,0.0,0.0,0.0,0.0,0.0,0.0,0.0,0.0,0.0,0.0,0.0,0.0,0.0,0.0,0.0,0.0,0.0
0.0,0.0,0.0,0.0,0.0,0.0,0.0,0.0,0.0,0.0,0.0,0.0,0.0,0.0,0.0,0.0,0.0,0.0,0.0,0.0,0.0,0.0,0.0,0.0,0.0
0.0,0.0,0.0,0.0,0.0,0.0,0.0,0.0,0.0,0.0,0.0,0.0,0.0,0.0,0.0,0.0,0.0,0.0,0.0,0.0,0.0,0.0,0.0,0.0,0.0
0.0,0.0,0.0,0.0,0.0,0.0,0.0,0.0,0.0,0.0,0.0,0.0,0.0,0.0,0.0,0.0,0.0,0.0,0.0,0.0,0.0,0.0,0.0,0.0,0.0
0.0,0.0,0.0,0.0,0.0,0.0,0.0,0.0,0.0,0.0,0.0,0.0,0.0,0.0,0.0,0.0,0.0,0.0,0.0,0.0,0.0,0.0,0.0,0.0,0.0
0.0,0.0,0.0,0.0,0.0,0.0,0.0,0.0,0.0,0.0,0.0,0.0,0.0,0.0,0.0,0.0,0.0,0.0,0.0,0.0,0.0,0.0,0.0,0.0,0.0
0.0,0.0,0.0,0.0,0.0,0.0,0.0,0.0,0.0,0.0,0.0,0.0,0.0,0.0,0.0,0.0,0.0,0.0,0.0,0.0,0.0,0.0,0.0,0.0,0.0
0.0,0.0,0.0,0.0,0.0,0.0,0.0,0.0,0.0,0.0,0.0,0.0,0.0,0.0,0.0,0.0,0.0,0.0,0.0,0.0,0.0,0.0,0.0,0.0,0.0
0.0,0.0,0.0,0.0,0.0,0.0,0.0,0.0,0.0,0.0,0.0,0.0,0.0,0.0,0.0,0.0,0.0,0.0,0.0,0.0,0.0,0.0,0.0,0.0,0.0
0.0,0.0,0.0,0.0,0.0,0.0,0.0,0.0,0.0,0.0,0.0,0.0,36.0,29.0,8.0,8.0,7.0,8.0,7.0,4.0,0.0,0.0,0.0,0.0,0.0
0.0,0.0,0.0,0.0,0.0,0.0,0.0,0.0,0.0,0.0,0.0,0.0,36.0,35.0,23.0,18.0,11.0,10.0,7.0,4.0,0.0,0.0,0.0,0.0,0.0
0.0,0.0,0.0,0.0,0.0,0.0,0.0,0.0,0.0,0.0,0.0,0.0,23.0,27.0,21.0,15.0,8.0,4.0,3.0,1.0,0.0,0.0,0.0,0.0,0.0
0.0,0.0,0.0,0.0,0.0,0.0,0.0,0.0,0.0,0.0,0.0,0.0,14.0,22.0,20.0,13.0,6.0,3.0,1.0,0.0,0.0,0.0,0.0,0.0,0.0
0.0,0.0,0.0,0.0,0.0,0.0,0.0,0.0,0.0,0.0,0.0,0.0,10.0,13.0,8.0,3.0,2.0,1.0,1.0,0.0,0.0,0.0,0.0,0.0,0.0
0.0,0.0,0.0,0.0,0.0,0.0,0.0,0.0,0.0,0.0,0.0,0.0,8.0,9.0,4.0,0.0,0.0,0.0,0.0,0.0,0.0,0.0,0.0,0.0,0.0
0.0,0.0,0.0,0.0,0.0,0.0,0.0,0.0,0.0,0.0,0.0,0.0,3.0,3.0,0.0,0.0,0.0,0.0,0.0,0.0,0.0,0.0,0.0,0.0,0.0
0.0,0.0,0.0,0.0,0.0,0.0,0.0,0.0,0.0,0.0,0.0,0.0,2.0,2.0,0.0,0.0,0.0,0.0,0.0,0.0,0.0,0.0,0.0,0.0,0.0
0.0,0.0,0.0,0.0,0.0,0.0,0.0,0.0,0.0,0.0,0.0,0.0,0.0,0.0,0.0,0.0,0.0,0.0,0.0,0.0,0.0,0.0,0.0,0.0,1.0
0.0,0.0,0.0,0.0,0.0,0.0,0.0,0.0,0.0,0.0,0.0,0.0,0.0,0.0,0.0,0.0,0.0,0.0,0.0,0.0,0.0,0.0,0.0,0.0,1.0
0.0,0.0,0.0,0.0,0.0,0.0,0.0,0.0,0.0,0.0,0.0,0.0,0.0,0.0,0.0,0.0,0.0,0.0,0.0,0.0,0.0,0.0,0.0,0.0,0.0
0.0,0.0,0.0,0.0,0.0,0.0,0.0,0.0,0.0,0.0,0.0,0.0,0.0,0.0,0.0,0.0,0.0,0.0,0.0,0.0,0.0,0.0,0.0,0.0,0.0
0.0,0.0,0.0,0.0,0.0,0.0,0.0,0.0,0.0,0.0,0.0,0.0,0.0,0.0,0.0,0.0,0.0,0.0,0.0,0.0,0.0,0.0,0.0,0.0,0.0
v=chr5:106481726-106483726	h=chr5:106481726-106483726	resolution=80	axis=right-bottom
103.0,66.0,49.0,30.0,21.0,14.0,9.0,3.0,3.0,4.0,1.0,1.0,0.0,0.0,0.0,0.0,0.0,0.0,0.0,0.0,0.0,0.0,0.0,0.0,0.0
66.0,105.0,79.0,48.0,25.0,23.0,20.0,11.0,7.0,7.0,1.0,1.0,0.0,0.0,0.0,0.0,0.0,0.0,0.0,0.0,0.0,0.0,0.0,0.0,0.0
49.0,79.0,132.0,95.0,61.0,49.0,47.0,27.0,9.0,6.0,0.0,0.0,0.0,0.0,0.0,0.0,0.0,0.0,0.0,0.0,0.0,0.0,0.0,0.0,0.0
30.0,48.0,95.0,132.0,95.0,71.0,56.0,44.0,15.0,12.0,3.0,1.0,0.0,0.0,0.0,0.0,0.0,0.0,0.0,0.0,0.0,0.0,0.0,0.0,0.0
21.0,25.0,61.0,95.0,132.0,105.0,83.0,51.0,22.0,18.0,13.0,12.0,3.0,0.0,0.0,0.0,0.0,0.0,0.0,0.0,0.0,0.0,0.0,0.0,0.0
14.0,23.0,49.0,71.0,105.0,150.0,121.0,78.0,42.0,49.0,35.0,21.0,4.0,1.0,1.0,0.0,0.0,0.0,0.0,0.0,0.0,0.0,0.0,0.0,0.0
9.0,20.0,47.0,56.0,83.0,121.0,149.0,99.0,51.0,48.0,41.0,26.0,11.0,3.0,2.0,1.0,0.0,0.0,0.0,0.0,0.0,0.0,0.0,0.0,0.0
3.0,11.0,27.0,44.0,51.0,78.0,99.0,135.0,82.0,70.0,40.0,30.0,17.0,6.0,4.0,3.0,1.0,1.0,0.0,0.0,0.0,0.0,0.0,0.0,0.0
3.0,7.0,9.0,15.0,22.0,42.0,51.0,82.0,131.0,110.0,65.0,36.0,34.0,24.0,19.0,13.0,2.0,4.0,3.0,2.0,0.0,0.0,0.0,0.0,0.0
4.0,7.0,6.0,12.0,18.0,49.0,48.0,70.0,110.0,152.0,105.0,65.0,33.0,33.0,28.0,19.0,7.0,9.0,4.0,3.0,0.0,0.0,0.0,0.0,0.0
1.0,1.0,0.0,3.0,13.0,35.0,41.0,40.0,65.0,105.0,142.0,98.0,49.0,34.0,36.0,28.0,14.0,12.0,4.0,4.0,0.0,1.0,1.0,0.0,0.0
1.0,1.0,0.0,1.0,12.0,21.0,26.0,30.0,36.0,65.0,98.0,128.0,72.0,38.0,35.0,35.0,25.0,14.0,3.0,3.0,1.0,2.0,1.0,0.0,0.0
0.0,0.0,0.0,0.0,3.0,4.0,11.0,17.0,34.0,33.0,49.0,72.0,152.0,105.0,80.0,47.0,46.0,30.0,8.0,9.0,4.0,3.0,2.0,0.0,0.0
0.0,0.0,0.0,0.0,0.0,1.0,3.0,6.0,24.0,33.0,34.0,38.0,105.0,185.0,148.0,94.0,48.0,55.0,32.0,22.0,11.0,2.0,2.0,0.0,0.0
0.0,0.0,0.0,0.0,0.0,1.0,2.0,4.0,19.0,28.0,36.0,35.0,80.0,148.0,193.0,135.0,72.0,60.0,39.0,32.0,19.0,4.0,4.0,1.0,0.0
0.0,0.0,0.0,0.0,0.0,0.0,1.0,3.0,13.0,19.0,28.0,35.0,47.0,94.0,135.0,185.0,111.0,81.0,47.0,43.0,27.0,12.0,4.0,2.0,0.0
0.0,0.0,0.0,0.0,0.0,0.0,0.0,1.0,2.0,7.0,14.0,25.0,46.0,48.0,72.0,111.0,182.0,138.0,66.0,55.0,43.0,33.0,17.0,9.0,3.0
0.0,0.0,0.0,0.0,0.0,0.0,0.0,1.0,4.0,9.0,12.0,14.0,30.0,55.0,60.0,81.0,138.0,196.0,119.0,90.0,49.0,49.0,32.0,17.0,11.0
0.0,0.0,0.0,0.0,0.0,0.0,0.0,0.0,3.0,4.0,4.0,3.0,8.0,32.0,39.0,47.0,66.0,119.0,157.0,117.0,64.0,41.0,34.0,26.0,20.0
0.0,0.0,0.0,0.0,0.0,0.0,0.0,0.0,2.0,3.0,4.0,3.0,9.0,22.0,32.0,43.0,55.0,90.0,117.0,182.0,122.0,81.0,46.0,48.0,40.0
0.0,0.0,0.0,0.0,0.0,0.0,0.0,0.0,0.0,0.0,0.0,1.0,4.0,11.0,19.0,27.0,43.0,49.0,64.0,122.0,170.0,119.0,70.0,51.0,57.0
0.0,0.0,0.0,0.0,0.0,0.0,0.0,0.0,0.0,0.0,1.0,2.0,3.0,2.0,4.0,12.0,33.0,49.0,41.0,81.0,119.0,179.0,125.0,82.0,75.0
0.0,0.0,0.0,0.0,0.0,0.0,0.0,0.0,0.0,0.0,1.0,1.0,2.0,2.0,4.0,4.0,17.0,32.0,34.0,46.0,70.0,125.0,186.0,137.0,100.0
0.0,0.0,0.0,0.0,0.0,0.0,0.0,0.0,0.0,0.0,0.0,0.0,0.0,0.0,1.0,2.0,9.0,17.0,26.0,48.0,51.0,82.0,137.0,200.0,150.0
0.0,0.0,0.0,0.0,0.0,0.0,0.0,0.0,0.0,0.0,0.0,0.0,0.0,0.0,0.0,0.0,3.0,11.0,20.0,40.0,57.0,75.0,100.0,150.0,206.0
#sv
chr6	37479956	+	chr6	46297896	+	.	0	0	6205266_1	58.0	.	BX=TCAATCTAGCGATATA-1_1,CGCTATCCAGACTATC-1_1,GCGCTAGCACCATGAT-1_1,GATGGTTTCAAACCGT-1_1,GGTGGCTAGTCCCGGT-1_1,TTAGGACCACGTCCGA-1_1,ACGATCATCACGGTAT-1_1,TAACTCTAGTCGGTCC-1_1,GTGCAGCAGTCCTCCT-1_1,CGGAGCTGTAAGTAAC-1_1,CTACCCATCTGTGCAA-1_1,ACCGTAAAGACTAGAT-1_1,ACCACGGGTAGTTGGG-1_1,GATGGTTGTGACGCCT-1_1,TGGCATAAGCGGTGAT-1_1,TAGAGCTTCGCATGAT-1_1,GTCGACGTCGGTGGCT-1_1,CCTAGTCCACATGCGC-1_1,GGGCCATGTACGAGGT-1_1;EVDNC=ASSMB;HOMSEQ=AG;MAPQ=60;MATEID=6205266_2;MATENM=0;NM=0;NUMPARTS=2;SCTG=c_6_46280501_46305501_83C;SPAN=8817940;SVTYPE=BND;TOOL=svaba;GENOTYPE=OC001B.bam(GT:0/0 AD:0 DP:46 GQ:12.6 PL:[0.0, 12.6, 138.6] SR:0 DR:0 LR:12.92 LO:0.0),OC001T.bam(GT:0/1 AD:22 DP:50 GQ:58.7 PL:[58.7, 0.0, 65.3] SR:22 DR:0 LR:-58.57 LO:58.61);ALT=g[chr6:46297896[;VARTYPE=BND:DEL-ht;JOINTYPE=ht
#heatmap	linkage_type=pair_end
v=chr6:37478956-37480956	h=chr6:37478956-37480956	resolution=80	axis=left-top
112.0,93.0,47.0,37.0,46.0,40.0,12.0,11.0,9.0,4.0,2.0,0.0,0.0,0.0,0.0,0.0,0.0,0.0,0.0,0.0,0.0,0.0,0.0,0.0,0.0
93.0,129.0,78.0,57.0,56.0,52.0,24.0,16.0,15.0,7.0,4.0,1.0,0.0,0.0,0.0,0.0,0.0,0.0,0.0,0.0,0.0,0.0,0.0,0.0,0.0
47.0,78.0,135.0,106.0,82.0,44.0,44.0,47.0,43.0,19.0,5.0,2.0,0.0,0.0,0.0,0.0,0.0,0.0,0.0,0.0,0.0,0.0,0.0,0.0,0.0
37.0,57.0,106.0,144.0,114.0,71.0,45.0,55.0,49.0,25.0,5.0,3.0,2.0,1.0,0.0,0.0,0.0,0.0,0.0,0.0,0.0,0.0,0.0,0.0,0.0
46.0,56.0,82.0,114.0,172.0,123.0,73.0,59.0,68.0,48.0,16.0,9.0,5.0,2.0,0.0,0.0,0.0,0.0,0.0,1.0,1.0,1.0,0.0,0.0,0.0
40.0,52.0,44.0,71.0,123.0,155.0,90.0,55.0,54.0,48.0,20.0,11.0,6.0,3.0,0.0,0.0,0.0,0.0,0.0,1.0,1.0,1.0,0.0,0.0,0.0
12.0,24.0,44.0,45.0,73.0,90.0,135.0,92.0,75.0,38.0,21.0,12.0,5.0,3.0,2.0,0.0,1.0,2.0,1.0,1.0,0.0,0.0,0.0,0.0,0.0
11.0,16.0,47.0,55.0,59.0,55.0,92.0,150.0,115.0,58.0,18.0,26.0,16.0,8.0,4.0,2.0,2.0,2.0,1.0,1.0,0.0,0.0,0.0,0.0,0.0
9.0,15.0,43.0,49.0,68.0,54.0,75.0,115.0,176.0,117.0,51.0,43.0,36.0,10.0,4.0,2.0,2.0,1.0,0.0,0.0,0.0,0.0,0.0,0.0,0.0
4.0,7.0,19.0,25.0,48.0,48.0,38.0,58.0,117.0,144.0,77.0,61.0,34.0,11.0,6.0,6.0,4.0,2.0,0.0,0.0,0.0,0.0,0.0,0.0,0.0
2.0,4.0,5.0,5.0,16.0,20.0,21.0,18.0,51.0,77.0,107.0,79.0,44.0,17.0,13.0,8.0,3.0,2.0,0.0,0.0,0.0,0.0,0.0,0.0,0.0
0.0,1.0,2.0,3.0,9.0,11.0,12.0,26.0,43.0,61.0,79.0,112.0,75.0,28.0,17.0,14.0,9.0,6.0,2.0,1.0,0.0,0.0,0.0,0.0,0.0
0.0,0.0,0.0,2.0,5.0,6.0,5.0,16.0,36.0,34.0,44.0,75.0,88.0,37.0,21.0,15.0,15.0,8.0,4.0,1.0,0.0,0.0,0.0,0.0,0.0
0.0,0.0,0.0,1.0,2.0,3.0,3.0,8.0,10.0,11.0,17.0,28.0,37.0,67.0,50.0,29.0,25.0,18.0,14.0,9.0,6.0,5.0,2.0,0.0,0.0
0.0,0.0,0.0,0.0,0.0,0.0,2.0,4.0,4.0,6.0,13.0,17.0,21.0,50.0,67.0,45.0,35.0,18.0,19.0,16.0,12.0,7.0,4.0,0.0,0.0
0.0,0.0,0.0,0.0,0.0,0.0,0.0,2.0,2.0,6.0,8.0,14.0,15.0,29.0,45.0,73.0,56.0,37.0,31.0,29.0,21.0,12.0,9.0,0.0,0.0
0.0,0.0,0.0,0.0,0.0,0.0,1.0,2.0,2.0,4.0,3.0,9.0,15.0,25.0,35.0,56.0,91.0,70.0,48.0,31.0,28.0,15.0,17.0,9.0,8.0
0.0,0.0,0.0,0.0,0.0,0.0,2.0,2.0,1.0,2.0,2.0,6.0,8.0,18.0,18.0,37.0,70.0,90.0,66.0,45.0,30.0,24.0,24.0,16.0,10.0
0.0,0.0,0.0,0.0,0.0,0.0,1.0,1.0,0.0,0.0,0.0,2.0,4.0,14.0,19.0,31.0,48.0,66.0,100.0,74.0,49.0,32.0,30.0,26.0,13.0
0.0,0.0,0.0,0.0,1.0,1.0,1.0,1.0,0.0,0.0,0.0,1.0,1.0,9.0,16.0,29.0,31.0,45.0,74.0,112.0,81.0,45.0,42.0,39.0,16.0
0.0,0.0,0.0,0.0,1.0,1.0,0.0,0.0,0.0,0.0,0.0,0.0,0.0,6.0,12.0,21.0,28.0,30.0,49.0,81.0,110.0,68.0,56.0,35.0,17.0
0.0,0.0,0.0,0.0,1.0,1.0,0.0,0.0,0.0,0.0,0.0,0.0,0.0,5.0,7.0,12.0,15.0,24.0,32.0,45.0,68.0,91.0,67.0,36.0,13.0
0.0,0.0,0.0,0.0,0.0,0.0,0.0,0.0,0.0,0.0,0.0,0.0,0.0,2.0,4.0,9.0,17.0,24.0,30.0,42.0,56.0,67.0,102.0,69.0,37.0
0.0,0.0,0.0,0.0,0.0,0.0,0.0,0.0,0.0,0.0,0.0,0.0,0.0,0.0,0.0,0.0,9.0,16.0,26.0,39.0,35.0,36.0,69.0,100.0,67.0
0.0,0.0,0.0,0.0,0.0,0.0,0.0,0.0,0.0,0.0,0.0,0.0,0.0,0.0,0.0,0.0,8.0,10.0,13.0,16.0,17.0,13.0,37.0,67.0,91.0
v=chr6:37478956-37480956	h=chr6:46296896-46298896	resolution=80	axis=right-top
0.0,0.0,0.0,0.0,0.0,0.0,0.0,0.0,0.0,0.0,0.0,0.0,0.0,0.0,0.0,0.0,0.0,0.0,0.0,0.0,0.0,0.0,0.0,0.0,0.0
0.0,0.0,0.0,0.0,0.0,0.0,0.0,0.0,0.0,0.0,0.0,0.0,0.0,0.0,0.0,0.0,0.0,0.0,0.0,0.0,0.0,0.0,0.0,0.0,0.0
0.0,0.0,0.0,0.0,0.0,0.0,0.0,0.0,0.0,0.0,0.0,0.0,0.0,0.0,0.0,0.0,0.0,0.0,0.0,0.0,0.0,0.0,0.0,0.0,0.0
0.0,0.0,0.0,0.0,0.0,0.0,0.0,0.0,0.0,0.0,0.0,0.0,0.0,1.0,1.0,0.0,0.0,0.0,0.0,0.0,0.0,0.0,0.0,0.0,0.0
0.0,0.0,0.0,0.0,0.0,0.0,0.0,0.0,0.0,0.0,0.0,0.0,0.0,1.0,1.0,0.0,0.0,0.0,0.0,0.0,0.0,0.0,0.0,0.0,0.0
0.0,0.0,0.0,0.0,0.0,0.0,0.0,0.0,0.0,0.0,0.0,0.0,0.0,3.0,3.0,1.0,0.0,0.0,0.0,0.0,0.0,0.0,0.0,0.0,0.0
0.0,0.0,0.0,0.0,0.0,0.0,0.0,0.0,0.0,0.0,0.0,0.0,6.0,9.0,8.0,2.0,0.0,0.0,0.0,0.0,0.0,0.0,0.0,0.0,0.0
0.0,0.0,0.0,0.0,0.0,0.0,0.0,0.0,0.0,0.0,0.0,0.0,14.0,17.0,9.0,2.0,0.0,0.0,0.0,0.0,0.0,0.0,0.0,0.0,0.0
0.0,0.0,0.0,0.0,0.0,0.0,0.0,0.0,0.0,0.0,0.0,0.0,19.0,20.0,6.0,0.0,0.0,0.0,0.0,0.0,0.0,0.0,0.0,0.0,0.0
0.0,0.0,0.0,0.0,0.0,0.0,0.0,0.0,0.0,0.0,0.0,0.0,20.0,24.0,11.0,3.0,0.0,0.0,0.0,0.0,0.0,0.0,0.0,0.0,0.0
0.0,0.0,0.0,0.0,0.0,0.0,0.0,0.0,0.0,0.0,0.0,0.0,17.0,23.0,18.0,7.0,0.0,0.0,0.0,0.0,0.0,0.0,0.0,0.0,0.0
0.0,0.0,0.0,0.0,0.0,0.0,0.0,0.0,0.0,0.0,0.0,0.0,27.0,33.0,22.0,10.0,2.0,0.0,0.0,1.0,2.0,1.0,0.0,0.0,0.0
0.0,0.0,0.0,0.0,0.0,0.0,0.0,0.0,0.0,0.0,0.0,0.0,21.0,24.0,11.0,8.0,3.0,1.0,0.0,1.0,2.0,1.0,0.0,0.0,0.0
0.0,0.0,0.0,0.0,0.0,0.0,0.0,0.0,0.0,0.0,0.0,0.0,0.0,0.0,0.0,0.0,0.0,0.0,0.0,0.0,0.0,0.0,0.0,0.0,0.0
0.0,0.0,0.0,0.0,0.0,0.0,0.0,0.0,0.0,0.0,0.0,0.0,0.0,0.0,0.0,0.0,0.0,0.0,0.0,0.0,0.0,0.0,0.0,0.0,0.0
0.0,0.0,0.0,0.0,0.0,0.0,0.0,0.0,0.0,0.0,0.0,0.0,0.0,0.0,0.0,0.0,0.0,0.0,0.0,0.0,0.0,0.0,0.0,0.0,0.0
0.0,0.0,0.0,0.0,0.0,0.0,0.0,0.0,0.0,0.0,0.0,0.0,0.0,0.0,0.0,0.0,0.0,0.0,0.0,0.0,0.0,0.0,0.0,0.0,0.0
0.0,0.0,0.0,0.0,0.0,0.0,0.0,0.0,0.0,0.0,0.0,0.0,0.0,0.0,0.0,0.0,0.0,0.0,0.0,0.0,0.0,0.0,0.0,0.0,0.0
0.0,0.0,0.0,0.0,0.0,0.0,0.0,0.0,0.0,0.0,0.0,0.0,0.0,0.0,0.0,0.0,0.0,0.0,0.0,0.0,0.0,0.0,0.0,0.0,0.0
0.0,0.0,0.0,0.0,0.0,0.0,0.0,0.0,0.0,0.0,0.0,0.0,0.0,0.0,0.0,0.0,0.0,0.0,0.0,0.0,0.0,0.0,0.0,0.0,0.0
0.0,0.0,0.0,0.0,0.0,0.0,0.0,0.0,0.0,0.0,0.0,0.0,0.0,0.0,0.0,0.0,0.0,0.0,0.0,0.0,0.0,0.0,0.0,0.0,0.0
0.0,0.0,0.0,0.0,0.0,0.0,0.0,0.0,0.0,0.0,0.0,0.0,0.0,0.0,0.0,0.0,0.0,0.0,0.0,0.0,0.0,0.0,0.0,0.0,0.0
0.0,0.0,0.0,0.0,0.0,0.0,0.0,0.0,0.0,0.0,0.0,0.0,0.0,0.0,0.0,0.0,0.0,0.0,0.0,0.0,0.0,0.0,0.0,0.0,0.0
0.0,0.0,0.0,0.0,0.0,0.0,0.0,0.0,0.0,0.0,0.0,0.0,0.0,0.0,0.0,0.0,0.0,0.0,0.0,0.0,0.0,0.0,0.0,0.0,0.0
0.0,0.0,0.0,0.0,0.0,0.0,0.0,0.0,0.0,0.0,0.0,0.0,0.0,0.0,0.0,0.0,0.0,0.0,0.0,0.0,0.0,0.0,0.0,0.0,0.0
v=chr6:46296896-46298896	h=chr6:37478956-37480956	resolution=80	axis=left-bottom
0.0,0.0,0.0,0.0,0.0,0.0,0.0,0.0,0.0,0.0,0.0,0.0,0.0,0.0,0.0,0.0,0.0,0.0,0.0,0.0,0.0,0.0,0.0,0.0,0.0
0.0,0.0,0.0,0.0,0.0,0.0,0.0,0.0,0.0,0.0,0.0,0.0,0.0,0.0,0.0,0.0,0.0,0.0,0.0,0.0,0.0,0.0,0.0,0.0,0.0
0.0,0.0,0.0,0.0,0.0,0.0,0.0,0.0,0.0,0.0,0.0,0.0,0.0,0.0,0.0,0.0,0.0,0.0,0.0,0.0,0.0,0.0,0.0,0.0,0.0
0.0,0.0,0.0,0.0,0.0,0.0,0.0,0.0,0.0,0.0,0.0,0.0,0.0,0.0,0.0,0.0,0.0,0.0,0.0,0.0,0.0,0.0,0.0,0.0,0.0
0.0,0.0,0.0,0.0,0.0,0.0,0.0,0.0,0.0,0.0,0.0,0.0,0.0,0.0,0.0,0.0,0.0,0.0,0.0,0.0,0.0,0.0,0.0,0.0,0.0
0.0,0.0,0.0,0.0,0.0,0.0,0.0,0.0,0.0,0.0,0.0,0.0,0.0,0.0,0.0,0.0,0.0,0.0,0.0,0.0,0.0,0.0,0.0,0.0,0.0
0.0,0.0,0.0,0.0,0.0,0.0,0.0,0.0,0.0,0.0,0.0,0.0,0.0,0.0,0.0,0.0,0.0,0.0,0.0,0.0,0.0,0.0,0.0,0.0,0.0
0.0,0.0,0.0,0.0,0.0,0.0,0.0,0.0,0.0,0.0,0.0,0.0,0.0,0.0,0.0,0.0,0.0,0.0,0.0,0.0,0.0,0.0,0.0,0.0,0.0
0.0,0.0,0.0,0.0,0.0,0.0,0.0,0.0,0.0,0.0,0.0,0.0,0.0,0.0,0.0,0.0,0.0,0.0,0.0,0.0,0.0,0.0,0.0,0.0,0.0
0.0,0.0,0.0,0.0,0.0,0.0,0.0,0.0,0.0,0.0,0.0,0.0,0.0,0.0,0.0,0.0,0.0,0.0,0.0,0.0,0.0,0.0,0.0,0.0,0.0
0.0,0.0,0.0,0.0,0.0,0.0,0.0,0.0,0.0,0.0,0.0,0.0,0.0,0.0,0.0,0.0,0.0,0.0,0.0,0.0,0.0,0.0,0.0,0.0,0.0
0.0,0.0,0.0,0.0,0.0,0.0,0.0,0.0,0.0,0.0,0.0,0.0,0.0,0.0,0.0,0.0,0.0,0.0,0.0,0.0,0.0,0.0,0.0,0.0,0.0
0.0,0.0,0.0,0.0,0.0,0.0,6.0,14.0,19.0,20.0,17.0,27.0,21.0,0.0,0.0,0.0,0.0,0.0,0.0,0.0,0.0,0.0,0.0,0.0,0.0
0.0,0.0,0.0,1.0,1.0,3.0,9.0,17.0,20.0,24.0,23.0,33.0,24.0,0.0,0.0,0.0,0.0,0.0,0.0,0.0,0.0,0.0,0.0,0.0,0.0
0.0,0.0,0.0,1.0,1.0,3.0,8.0,9.0,6.0,11.0,18.0,22.0,11.0,0.0,0.0,0.0,0.0,0.0,0.0,0.0,0.0,0.0,0.0,0.0,0.0
0.0,0.0,0.0,0.0,0.0,1.0,2.0,2.0,0.0,3.0,7.0,10.0,8.0,0.0,0.0,0.0,0.0,0.0,0.0,0.0,0.0,0.0,0.0,0.0,0.0
0.0,0.0,0.0,0.0,0.0,0.0,0.0,0.0,0.0,0.0,0.0,2.0,3.0,0.0,0.0,0.0,0.0,0.0,0.0,0.0,0.0,0.0,0.0,0.0,0.0
0.0,0.0,0.0,0.0,0.0,0.0,0.0,0.0,0.0,0.0,0.0,0.0,1.0,0.0,0.0,0.0,0.0,0.0,0.0,0.0,0.0,0.0,0.0,0.0,0.0
0.0,0.0,0.0,0.0,0.0,0.0,0.0,0.0,0.0,0.0,0.0,0.0,0.0,0.0,0.0,0.0,0.0,0.0,0.0,0.0,0.0,0.0,0.0,0.0,0.0
0.0,0.0,0.0,0.0,0.0,0.0,0.0,0.0,0.0,0.0,0.0,1.0,1.0,0.0,0.0,0.0,0.0,0.0,0.0,0.0,0.0,0.0,0.0,0.0,0.0
0.0,0.0,0.0,0.0,0.0,0.0,0.0,0.0,0.0,0.0,0.0,2.0,2.0,0.0,0.0,0.0,0.0,0.0,0.0,0.0,0.0,0.0,0.0,0.0,0.0
0.0,0.0,0.0,0.0,0.0,0.0,0.0,0.0,0.0,0.0,0.0,1.0,1.0,0.0,0.0,0.0,0.0,0.0,0.0,0.0,0.0,0.0,0.0,0.0,0.0
0.0,0.0,0.0,0.0,0.0,0.0,0.0,0.0,0.0,0.0,0.0,0.0,0.0,0.0,0.0,0.0,0.0,0.0,0.0,0.0,0.0,0.0,0.0,0.0,0.0
0.0,0.0,0.0,0.0,0.0,0.0,0.0,0.0,0.0,0.0,0.0,0.0,0.0,0.0,0.0,0.0,0.0,0.0,0.0,0.0,0.0,0.0,0.0,0.0,0.0
0.0,0.0,0.0,0.0,0.0,0.0,0.0,0.0,0.0,0.0,0.0,0.0,0.0,0.0,0.0,0.0,0.0,0.0,0.0,0.0,0.0,0.0,0.0,0.0,0.0
v=chr6:46296896-46298896	h=chr6:46296896-46298896	resolution=80	axis=right-bottom
112.0,89.0,49.0,40.0,32.0,26.0,13.0,7.0,7.0,5.0,1.0,0.0,0.0,0.0,0.0,0.0,0.0,0.0,0.0,0.0,0.0,0.0,0.0,0.0,0.0
89.0,111.0,68.0,47.0,35.0,26.0,12.0,6.0,6.0,5.0,1.0,0.0,0.0,0.0,0.0,0.0,0.0,0.0,0.0,0.0,0.0,0.0,0.0,0.0,0.0
49.0,68.0,102.0,75.0,48.0,27.0,19.0,13.0,15.0,9.0,2.0,0.0,0.0,0.0,0.0,0.0,0.0,0.0,0.0,0.0,0.0,0.0,0.0,0.0,0.0
40.0,47.0,75.0,114.0,83.0,49.0,21.0,19.0,20.0,11.0,3.0,2.0,0.0,0.0,0.0,0.0,0.0,0.0,0.0,0.0,0.0,0.0,0.0,0.0,0.0
32.0,35.0,48.0,83.0,112.0,75.0,37.0,23.0,22.0,16.0,9.0,13.0,8.0,4.0,0.0,0.0,0.0,0.0,0.0,0.0,0.0,0.0,0.0,0.0,0.0
26.0,26.0,27.0,49.0,75.0,107.0,64.0,34.0,23.0,23.0,18.0,19.0,12.0,6.0,1.0,0.0,0.0,0.0,0.0,0.0,0.0,0.0,0.0,0.0,0.0
13.0,12.0,19.0,21.0,37.0,64.0,96.0,58.0,38.0,24.0,25.0,25.0,17.0,11.0,5.0,0.0,0.0,1.0,1.0,0.0,0.0,0.0,0.0,0.0,0.0
7.0,6.0,13.0,19.0,23.0,34.0,58.0,97.0,76.0,46.0,26.0,26.0,20.0,20.0,13.0,4.0,3.0,2.0,1.0,0.0,0.0,0.0,0.0,0.0,0.0
7.0,6.0,15.0,20.0,22.0,23.0,38.0,76.0,130.0,94.0,62.0,48.0,48.0,40.0,22.0,8.0,5.0,2.0,1.0,0.0,0.0,0.0,0.0,0.0,0.0
5.0,5.0,9.0,11.0,16.0,23.0,24.0,46.0,94.0,130.0,94.0,67.0,54.0,49.0,32.0,9.0,4.0,1.0,1.0,0.0,0.0,0.0,0.0,0.0,0.0
1.0,1.0,2.0,3.0,9.0,18.0,25.0,26.0,62.0,94.0,133.0,101.0,78.0,58.0,50.0,22.0,8.0,2.0,1.0,3.0,3.0,3.0,0.0,0.0,0.0
0.0,0.0,0.0,2.0,13.0,19.0,25.0,26.0,48.0,67.0,101.0,150.0,115.0,78.0,48.0,40.0,21.0,8.0,6.0,11.0,9.0,6.0,0.0,0.0,0.0
0.0,0.0,0.0,0.0,8.0,12.0,17.0,20.0,48.0,54.0,78.0,115.0,209.0,168.0,103.0,50.0,37.0,21.0,15.0,20.0,14.0,10.0,1.0,1.0,0.0
0.0,0.0,0.0,0.0,4.0,6.0,11.0,20.0,40.0,49.0,58.0,78.0,168.0,221.0,151.0,69.0,41.0,28.0,23.0,22.0,13.0,7.0,1.0,1.0,0.0
0.0,0.0,0.0,0.0,0.0,1.0,5.0,13.0,22.0,32.0,50.0,48.0,103.0,151.0,194.0,102.0,64.0,36.0,40.0,28.0,13.0,1.0,1.0,1.0,0.0
0.0,0.0,0.0,0.0,0.0,0.0,0.0,4.0,8.0,9.0,22.0,40.0,50.0,69.0,102.0,153.0,107.0,56.0,38.0,47.0,34.0,7.0,3.0,1.0,1.0
0.0,0.0,0.0,0.0,0.0,0.0,0.0,3.0,5.0,4.0,8.0,21.0,37.0,41.0,64.0,107.0,135.0,82.0,55.0,50.0,43.0,15.0,9.0,2.0,2.0
0.0,0.0,0.0,0.0,0.0,0.0,1.0,2.0,2.0,1.0,2.0,8.0,21.0,28.0,36.0,56.0,82.0,117.0,81.0,56.0,37.0,24.0,24.0,11.0,10.0
0.0,0.0,0.0,0.0,0.0,0.0,1.0,1.0,1.0,1.0,1.0,6.0,15.0,23.0,40.0,38.0,55.0,81.0,118.0,84.0,47.0,30.0,28.0,20.0,13.0
0.0,0.0,0.0,0.0,0.0,0.0,0.0,0.0,0.0,0.0,3.0,11.0,20.0,22.0,28.0,47.0,50.0,56.0,84.0,170.0,129.0,81.0,50.0,58.0,37.0
0.0,0.0,0.0,0.0,0.0,0.0,0.0,0.0,0.0,0.0,3.0,9.0,14.0,13.0,13.0,34.0,43.0,37.0,47.0,129.0,173.0,115.0,74.0,66.0,53.0
0.0,0.0,0.0,0.0,0.0,0.0,0.0,0.0,0.0,0.0,3.0,6.0,10.0,7.0,1.0,7.0,15.0,24.0,30.0,81.0,115.0,168.0,119.0,87.0,56.0
0.0,0.0,0.0,0.0,0.0,0.0,0.0,0.0,0.0,0.0,0.0,0.0,1.0,1.0,1.0,3.0,9.0,24.0,28.0,50.0,74.0,119.0,167.0,123.0,79.0
0.0,0.0,0.0,0.0,0.0,0.0,0.0,0.0,0.0,0.0,0.0,0.0,1.0,1.0,1.0,1.0,2.0,11.0,20.0,58.0,66.0,87.0,123.0,176.0,126.0
0.0,0.0,0.0,0.0,0.0,0.0,0.0,0.0,0.0,0.0,0.0,0.0,0.0,0.0,0.0,1.0,2.0,10.0,13.0,37.0,53.0,56.0,79.0,126.0,166.0
